"DMS_Project"

"Time      "	".A1.Translational_Acceleration.Y"	".D1.Translational_Acceleration.Y"	".M1.Translational_Acceleration.Y"	".O1.Translational_Acceleration.Y"	".H7.Translational_Acceleration.Y"	".N5.Translational_Acceleration.Y"	".C2.Translational_Acceleration.Y"	".G2.Translational_Acceleration.Y"	".K3.Translational_Acceleration.Y"
0.000000e+00	1.222912e-01	-3.993726e-01	1.534547e-01	-2.775558e-17	0.000000e+00	-3.330669e-16	5.767240e+00	-5.458711e+00	-3.446957e+00
1.000000e-02	1.971303e-01	-3.480678e-01	2.033022e-01	3.469447e-18	-2.220446e-16	-2.220446e-16	5.919897e+00	-5.663199e+00	-3.669471e+00
2.000000e-02	2.715533e-01	-2.965225e-01	2.527943e-01	3.469447e-18	-2.220446e-16	-2.775558e-16	6.035269e+00	-5.836247e+00	-3.814782e+00
3.000000e-02	3.455390e-01	-2.447419e-01	3.019154e-01	4.857226e-17	0.000000e+00	-1.110223e-16	6.113203e+00	-5.976991e+00	-3.891544e+00
4.000000e-02	4.190678e-01	-1.927303e-01	3.506510e-01	2.775558e-17	-3.330669e-16	-1.110223e-16	6.153761e+00	-6.084728e+00	-3.909540e+00
5.000000e-02	4.921212e-01	-1.404911e-01	3.989875e-01	0.000000e+00	1.110223e-16	1.110223e-16	6.157237e+00	-6.158935e+00	-3.878924e+00
6.000000e-02	5.646822e-01	-8.802661e-02	4.469121e-01	8.326673e-17	-1.110223e-16	-2.220446e-16	6.124171e+00	-6.199291e+00	-3.809623e+00
7.000000e-02	6.367350e-01	-3.533816e-02	4.944130e-01	-5.551115e-17	4.440892e-16	-1.110223e-16	6.055360e+00	-6.205701e+00	-3.710912e+00
8.000000e-02	7.082653e-01	1.757403e-02	5.414792e-01	-5.551115e-17	1.110223e-16	-2.220446e-16	5.951867e+00	-6.178306e+00	-3.591146e+00
9.000000e-02	7.792604e-01	7.071086e-02	5.881007e-01	0.000000e+00	0.000000e+00	-3.330669e-16	5.815026e+00	-6.117497e+00	-3.457616e+00
1.000000e-01	8.497087e-01	1.240744e-01	6.342684e-01	0.000000e+00	-1.110223e-16	-1.110223e-16	5.646439e+00	-6.023929e+00	-3.316510e+00
1.100000e-01	9.196003e-01	1.776679e-01	6.799742e-01	0.000000e+00	-1.665335e-16	-4.440892e-16	5.447971e+00	-5.898517e+00	-3.172936e+00
1.200000e-01	9.889266e-01	2.314958e-01	7.252108e-01	1.110223e-16	-1.110223e-16	-2.220446e-16	5.221747e+00	-5.742445e+00	-3.030995e+00
1.300000e-01	1.057681e+00	2.855638e-01	7.699719e-01	-1.110223e-16	-8.326673e-17	-3.330669e-16	4.970132e+00	-5.557160e+00	-2.893879e+00
1.400000e-01	1.125857e+00	3.398790e-01	8.142523e-01	-1.110223e-16	-1.110223e-16	-1.110223e-16	4.695717e+00	-5.344361e+00	-2.763967e+00
1.500000e-01	1.193451e+00	3.944498e-01	8.580475e-01	1.110223e-16	-5.551115e-17	-2.220446e-16	4.401300e+00	-5.105990e+00	-2.642938e+00
1.600000e-01	1.260460e+00	4.492856e-01	9.013542e-01	0.000000e+00	1.110223e-16	-3.330669e-16	4.089857e+00	-4.844215e+00	-2.531860e+00
1.700000e-01	1.326884e+00	5.043976e-01	9.441697e-01	0.000000e+00	-5.551115e-17	-3.330669e-16	3.764514e+00	-4.561407e+00	-2.431280e+00
1.800000e-01	1.392723e+00	5.597980e-01	9.864924e-01	1.110223e-16	-8.326673e-17	-2.220446e-16	3.428518e+00	-4.260116e+00	-2.341298e+00
1.900000e-01	1.457977e+00	6.155004e-01	1.028322e+00	0.000000e+00	-1.110223e-16	0.000000e+00	3.085201e+00	-3.943045e+00	-2.261631e+00
2.000000e-01	1.522652e+00	6.715200e-01	1.069658e+00	-1.110223e-16	-5.551115e-17	-3.330669e-16	2.737942e+00	-3.613013e+00	-2.191670e+00
2.100000e-01	1.586750e+00	7.278729e-01	1.110502e+00	1.110223e-16	-5.551115e-17	-2.220446e-16	2.390135e+00	-3.272925e+00	-2.130528e+00
2.200000e-01	1.650279e+00	7.845767e-01	1.150857e+00	0.000000e+00	-5.551115e-17	0.000000e+00	2.045142e+00	-2.925736e+00	-2.077080e+00
2.300000e-01	1.713245e+00	8.416503e-01	1.190724e+00	0.000000e+00	0.000000e+00	-2.220446e-16	1.706263e+00	-2.574412e+00	-2.030011e+00
2.400000e-01	1.775657e+00	8.991137e-01	1.230107e+00	2.220446e-16	-1.110223e-16	-3.330669e-16	1.376692e+00	-2.221889e+00	-1.987846e+00
2.500000e-01	1.837525e+00	9.569879e-01	1.269011e+00	0.000000e+00	-5.551115e-17	-2.220446e-16	1.059484e+00	-1.871043e+00	-1.948998e+00
2.600000e-01	1.898861e+00	1.015295e+00	1.307442e+00	0.000000e+00	0.000000e+00	-1.110223e-16	7.575186e-01	-1.524644e+00	-1.911808e+00
2.700000e-01	1.959675e+00	1.074059e+00	1.345404e+00	-2.220446e-16	0.000000e+00	-4.440892e-16	4.734691e-01	-1.185328e+00	-1.874584e+00
2.800000e-01	2.019982e+00	1.133302e+00	1.382905e+00	0.000000e+00	0.000000e+00	-3.330669e-16	2.097745e-01	-8.555615e-01	-1.835655e+00
2.900000e-01	2.079796e+00	1.193051e+00	1.419952e+00	-2.220446e-16	0.000000e+00	-2.220446e-16	-3.138545e-02	-5.376102e-01	-1.793414e+00
3.000000e-01	2.139131e+00	1.253328e+00	1.456552e+00	0.000000e+00	0.000000e+00	0.000000e+00	-2.481101e-01	-2.335164e-01	-1.746363e+00
3.100000e-01	2.198003e+00	1.314161e+00	1.492714e+00	-2.220446e-16	0.000000e+00	0.000000e+00	-4.387935e-01	5.492439e-02	-1.693160e+00
3.200000e-01	2.256429e+00	1.375574e+00	1.528446e+00	2.220446e-16	-1.110223e-16	-6.661338e-16	-6.021347e-01	3.261795e-01	-1.632660e+00
3.300000e-01	2.314424e+00	1.437593e+00	1.563757e+00	2.220446e-16	0.000000e+00	-3.330669e-16	-7.371438e-01	5.789914e-01	-1.563946e+00
3.400000e-01	2.372005e+00	1.500241e+00	1.598657e+00	2.220446e-16	-1.110223e-16	-2.220446e-16	-8.431421e-01	8.123849e-01	-1.486354e+00
3.500000e-01	2.429190e+00	1.563543e+00	1.633155e+00	-2.220446e-16	0.000000e+00	0.000000e+00	-9.197585e-01	1.025668e+00	-1.399487e+00
3.600000e-01	2.485995e+00	1.627521e+00	1.667259e+00	0.000000e+00	1.110223e-16	-5.551115e-16	-9.669211e-01	1.218431e+00	-1.303221e+00
3.700000e-01	2.542435e+00	1.692196e+00	1.700980e+00	4.440892e-16	2.220446e-16	-3.330669e-16	-9.848444e-01	1.390537e+00	-1.197692e+00
3.800000e-01	2.598526e+00	1.757586e+00	1.734327e+00	0.000000e+00	-1.110223e-16	-2.220446e-16	-9.740133e-01	1.542110e+00	-1.083282e+00
3.900000e-01	2.654282e+00	1.823707e+00	1.767307e+00	0.000000e+00	-1.110223e-16	-5.551115e-17	-9.351640e-01	1.673522e+00	-9.605864e-01
4.000000e-01	2.709717e+00	1.890570e+00	1.799929e+00	-2.220446e-16	1.110223e-16	-2.220446e-16	-8.692624e-01	1.785370e+00	-8.303790e-01
4.100000e-01	2.764840e+00	1.958186e+00	1.832201e+00	0.000000e+00	0.000000e+00	-3.330669e-16	-7.774806e-01	1.878459e+00	-6.935703e-01
4.200000e-01	2.819661e+00	2.026556e+00	1.864127e+00	0.000000e+00	-1.110223e-16	1.665335e-16	-6.611720e-01	1.953778e+00	-5.511618e-01
4.300000e-01	2.874187e+00	2.095679e+00	1.895715e+00	-2.220446e-16	-1.665335e-16	-5.551115e-17	-5.218461e-01	2.012470e+00	-4.041991e-01
4.400000e-01	2.928420e+00	2.165546e+00	1.926967e+00	4.440892e-16	5.551115e-17	0.000000e+00	-3.611429e-01	2.055815e+00	-2.537261e-01
4.500000e-01	2.982361e+00	2.236142e+00	1.957885e+00	0.000000e+00	5.551115e-17	-8.326673e-17	-1.808080e-01	2.085199e+00	-1.007410e-01
4.600000e-01	3.036005e+00	2.307443e+00	1.988471e+00	0.000000e+00	-1.110223e-16	-1.110223e-16	1.733187e-02	2.102087e+00	5.384459e-02
4.700000e-01	3.089344e+00	2.379416e+00	2.018722e+00	2.220446e-16	-1.110223e-16	1.665335e-16	2.313916e-01	2.108007e+00	2.092431e-01
4.800000e-01	3.142364e+00	2.452017e+00	2.048634e+00	0.000000e+00	-5.551115e-17	2.220446e-16	4.594491e-01	2.104517e+00	3.648241e-01
4.900000e-01	3.195045e+00	2.525192e+00	2.078201e+00	4.440892e-16	-5.551115e-17	5.551115e-17	6.995644e-01	2.093189e+00	5.201440e-01
5.000000e-01	3.247362e+00	2.598875e+00	2.107413e+00	0.000000e+00	0.000000e+00	-6.661338e-16	9.497977e-01	2.075591e+00	6.749726e-01
5.100000e-01	3.299283e+00	2.672984e+00	2.136256e+00	-4.440892e-16	-5.551115e-17	3.330669e-16	1.208224e+00	2.053264e+00	8.293156e-01
5.200000e-01	3.350767e+00	2.747426e+00	2.164715e+00	-4.440892e-16	0.000000e+00	-1.665335e-16	1.472946e+00	2.027711e+00	9.834352e-01
5.300000e-01	3.401769e+00	2.822090e+00	2.192769e+00	4.440892e-16	-2.775558e-17	1.665335e-16	1.742107e+00	2.000384e+00	1.137867e+00
5.400000e-01	3.452232e+00	2.896850e+00	2.220396e+00	-4.440892e-16	-2.775558e-17	3.885781e-16	2.013894e+00	1.972670e+00	1.293435e+00
5.500000e-01	3.502091e+00	2.971564e+00	2.247565e+00	-4.440892e-16	-2.775558e-17	-4.996004e-16	2.286552e+00	1.945889e+00	1.451259e+00
5.600000e-01	3.551274e+00	3.046069e+00	2.274246e+00	-4.440892e-16	-2.775558e-17	3.330669e-16	2.558381e+00	1.921281e+00	1.612760e+00
5.700000e-01	3.599698e+00	3.120188e+00	2.300402e+00	4.440892e-16	0.000000e+00	-3.885781e-16	2.827746e+00	1.900007e+00	1.779659e+00
5.800000e-01	3.647270e+00	3.193723e+00	2.325991e+00	0.000000e+00	-2.775558e-17	2.220446e-16	3.093070e+00	1.883148e+00	1.953958e+00
5.900000e-01	3.693891e+00	3.266460e+00	2.350967e+00	4.440892e-16	-2.775558e-17	-8.326673e-16	3.352841e+00	1.871700e+00	2.137914e+00
6.000000e-01	3.739449e+00	3.338166e+00	2.375281e+00	-8.881784e-16	-2.775558e-17	-2.220446e-16	3.605608e+00	1.866581e+00	2.333990e+00
6.100000e-01	3.783826e+00	3.408590e+00	2.398877e+00	0.000000e+00	2.775558e-17	5.551115e-16	3.849979e+00	1.868632e+00	2.544792e+00
6.200000e-01	3.826893e+00	3.477469e+00	2.421699e+00	0.000000e+00	2.775558e-17	4.440892e-16	4.084616e+00	1.878621e+00	2.772967e+00
6.300000e-01	3.868517e+00	3.544522e+00	2.443684e+00	4.440892e-16	-2.775558e-17	4.440892e-16	4.308237e+00	1.897249e+00	3.021085e+00
6.400000e-01	3.908557e+00	3.609457e+00	2.464767e+00	0.000000e+00	0.000000e+00	1.110223e-16	4.519608e+00	1.925153e+00	3.291486e+00
6.500000e-01	3.946865e+00	3.671974e+00	2.484880e+00	0.000000e+00	0.000000e+00	9.992007e-16	4.717548e+00	1.962916e+00	3.586100e+00
6.600000e-01	3.983292e+00	3.731763e+00	2.503955e+00	-4.440892e-16	5.551115e-17	2.220446e-16	4.900916e+00	2.011065e+00	3.906251e+00
6.700000e-01	4.017686e+00	3.788514e+00	2.521921e+00	0.000000e+00	-5.551115e-17	4.440892e-16	5.068624e+00	2.070081e+00	4.252446e+00
6.800000e-01	4.049894e+00	3.841914e+00	2.538706e+00	4.440892e-16	-8.326673e-17	1.110223e-16	5.219626e+00	2.140400e+00	4.624182e+00
6.900000e-01	4.079765e+00	3.891656e+00	2.554241e+00	0.000000e+00	0.000000e+00	4.440892e-16	5.352931e+00	2.222412e+00	5.019767e+00
7.000000e-01	4.107152e+00	3.937441e+00	2.568458e+00	0.000000e+00	1.110223e-16	-5.551115e-16	5.467602e+00	2.316458e+00	5.436211e+00
7.100000e-01	4.131915e+00	3.978983e+00	2.581291e+00	-4.440892e-16	-5.551115e-17	-1.110223e-16	5.562765e+00	2.422827e+00	5.869177e+00
7.200000e-01	4.153921e+00	4.016013e+00	2.592679e+00	-4.440892e-16	-5.551115e-17	2.220446e-16	5.637623e+00	2.541744e+00	6.313043e+00
7.300000e-01	4.173048e+00	4.048283e+00	2.602564e+00	0.000000e+00	2.220446e-16	2.220446e-16	5.691471e+00	2.673356e+00	6.761064e+00
7.400000e-01	4.189188e+00	4.075573e+00	2.610897e+00	0.000000e+00	-1.110223e-16	-2.220446e-16	5.723708e+00	2.817715e+00	7.205651e+00
7.500000e-01	4.202245e+00	4.097690e+00	2.617631e+00	-4.440892e-16	0.000000e+00	5.551115e-16	5.733867e+00	2.974752e+00	7.638745e+00
7.600000e-01	4.212141e+00	4.114477e+00	2.622733e+00	4.440892e-16	0.000000e+00	-2.220446e-16	5.721636e+00	3.144247e+00	8.052259e+00
7.700000e-01	4.218817e+00	4.125812e+00	2.626172e+00	0.000000e+00	1.110223e-16	-6.661338e-16	5.686888e+00	3.325795e+00	8.438557e+00
7.800000e-01	4.222230e+00	4.131612e+00	2.627930e+00	0.000000e+00	0.000000e+00	6.661338e-16	5.629715e+00	3.518769e+00	8.790914e+00
7.900000e-01	4.222361e+00	4.131835e+00	2.627998e+00	0.000000e+00	1.110223e-16	-2.220446e-16	5.550461e+00	3.722276e+00	9.103915e+00
8.000000e-01	4.219208e+00	4.126478e+00	2.626374e+00	0.000000e+00	1.110223e-16	0.000000e+00	5.449752e+00	3.935118e+00	9.373755e+00
8.100000e-01	4.212791e+00	4.115581e+00	2.623068e+00	-4.440892e-16	1.110223e-16	2.220446e-16	5.328537e+00	4.155752e+00	9.598414e+00
8.200000e-01	4.203149e+00	4.099224e+00	2.618098e+00	4.440892e-16	2.220446e-16	3.330669e-16	5.188110e+00	4.382257e+00	9.777691e+00
8.300000e-01	4.190342e+00	4.077526e+00	2.611492e+00	0.000000e+00	-2.220446e-16	-2.220446e-16	5.030128e+00	4.612317e+00	9.913110e+00
8.400000e-01	4.174444e+00	4.050642e+00	2.603286e+00	4.440892e-16	0.000000e+00	1.221245e-15	4.856628e+00	4.843209e+00	1.000771e+01
8.500000e-01	4.155551e+00	4.018760e+00	2.593522e+00	0.000000e+00	-4.440892e-16	-5.551115e-16	4.670015e+00	5.071824e+00	1.006575e+01
8.600000e-01	4.133770e+00	3.982101e+00	2.582252e+00	4.440892e-16	0.000000e+00	3.330669e-16	4.473036e+00	5.294705e+00	1.009238e+01
8.700000e-01	4.109222e+00	3.940909e+00	2.569532e+00	-4.440892e-16	-2.220446e-16	-1.110223e-16	4.268742e+00	5.508118e+00	1.009327e+01
8.800000e-01	4.082038e+00	3.895451e+00	2.555423e+00	8.881784e-16	1.110223e-15	8.881784e-16	4.060412e+00	5.708149e+00	1.007426e+01
8.900000e-01	4.052360e+00	3.846013e+00	2.539990e+00	0.000000e+00	4.440892e-16	4.440892e-16	3.851466e+00	5.890831e+00	1.004106e+01
9.000000e-01	4.020333e+00	3.792893e+00	2.523301e+00	0.000000e+00	4.440892e-16	1.110223e-16	3.645360e+00	6.052290e+00	9.998985e+00
9.100000e-01	3.986108e+00	3.736398e+00	2.505427e+00	-4.440892e-16	8.881784e-16	5.551115e-16	3.445460e+00	6.188911e+00	9.952689e+00
9.200000e-01	3.949837e+00	3.676839e+00	2.486438e+00	4.440892e-16	6.661338e-16	5.551115e-16	3.254917e+00	6.297493e+00	9.906049e+00
9.300000e-01	3.911673e+00	3.614528e+00	2.466405e+00	-4.440892e-16	8.881784e-16	-4.440892e-16	3.076544e+00	6.375412e+00	9.862020e+00
9.400000e-01	3.871766e+00	3.549774e+00	2.445397e+00	8.881784e-16	8.881784e-16	6.661338e-16	2.912708e+00	6.420738e+00	9.822557e+00
9.500000e-01	3.830263e+00	3.482879e+00	2.423481e+00	0.000000e+00	4.440892e-16	-2.220446e-16	2.765247e+00	6.432331e+00	9.788574e+00
9.600000e-01	3.787305e+00	3.414136e+00	2.400724e+00	0.000000e+00	2.220446e-16	-3.330669e-16	2.635408e+00	6.409885e+00	9.759930e+00
9.700000e-01	3.743028e+00	3.343824e+00	2.377187e+00	4.440892e-16	1.110223e-15	-5.551115e-16	2.523832e+00	6.353922e+00	9.735446e+00
9.800000e-01	3.697559e+00	3.272211e+00	2.352928e+00	0.000000e+00	2.220446e-16	-8.881784e-16	2.430569e+00	6.265745e+00	9.712943e+00
9.900000e-01	3.651019e+00	3.199548e+00	2.328003e+00	4.440892e-16	0.000000e+00	-3.330669e-16	2.355115e+00	6.147338e+00	9.689310e+00
1.000000e+00	3.603518e+00	3.126068e+00	2.302461e+00	-4.440892e-16	-2.220446e-16	1.110223e-16	2.296494e+00	6.001250e+00	9.660603e+00
1.010000e+00	3.555159e+00	3.051988e+00	2.276349e+00	4.440892e-16	4.440892e-16	1.665335e-16	2.253338e+00	5.830443e+00	9.622174e+00
1.020000e+00	3.506033e+00	2.977506e+00	2.249708e+00	-4.440892e-16	6.661338e-16	1.665335e-16	2.223989e+00	5.638149e+00	9.568837e+00
1.030000e+00	3.456225e+00	2.902804e+00	2.222576e+00	-4.440892e-16	0.000000e+00	5.551115e-16	2.206594e+00	5.427723e+00	9.495072e+00
1.040000e+00	3.405808e+00	2.828042e+00	2.194985e+00	8.881784e-16	2.220446e-16	2.220446e-16	2.199199e+00	5.202514e+00	9.395269e+00
1.050000e+00	3.354847e+00	2.753365e+00	2.166964e+00	0.000000e+00	-4.440892e-16	3.330669e-16	2.199825e+00	4.965758e+00	9.264001e+00
1.060000e+00	3.303399e+00	2.678901e+00	2.138536e+00	0.000000e+00	2.220446e-16	2.220446e-16	2.206539e+00	4.720496e+00	9.096323e+00
1.070000e+00	3.251511e+00	2.604762e+00	2.109723e+00	0.000000e+00	0.000000e+00	2.220446e-16	2.217497e+00	4.469514e+00	8.888082e+00
1.080000e+00	3.199225e+00	2.531042e+00	2.080540e+00	-2.220446e-16	0.000000e+00	2.220446e-16	2.230982e+00	4.215307e+00	8.636216e+00
1.090000e+00	3.146571e+00	2.457824e+00	2.051002e+00	0.000000e+00	-1.110223e-16	3.885781e-16	2.245425e+00	3.960072e+00	8.339009e+00
1.100000e+00	3.093578e+00	2.385175e+00	2.021117e+00	0.000000e+00	1.110223e-16	-2.220446e-16	2.259412e+00	3.705700e+00	7.996302e+00
1.110000e+00	3.040264e+00	2.313150e+00	1.990892e+00	-2.220446e-16	0.000000e+00	2.775558e-16	2.271688e+00	3.453798e+00	7.609601e+00
1.120000e+00	2.986644e+00	2.241794e+00	1.960333e+00	0.000000e+00	0.000000e+00	-4.718448e-16	2.281146e+00	3.205707e+00	7.182102e+00
1.130000e+00	2.932727e+00	2.171141e+00	1.929441e+00	0.000000e+00	-1.110223e-16	-1.665335e-16	2.286823e+00	2.962533e+00	6.718583e+00
1.140000e+00	2.878517e+00	2.101215e+00	1.898216e+00	0.000000e+00	-1.110223e-16	2.220446e-16	2.287889e+00	2.725171e+00	6.225202e+00
1.150000e+00	2.824014e+00	2.032033e+00	1.866655e+00	-4.440892e-16	0.000000e+00	-3.330669e-16	2.283629e+00	2.494337e+00	5.709188e+00
1.160000e+00	2.769217e+00	1.963602e+00	1.834755e+00	2.220446e-16	-2.775558e-16	1.665335e-16	2.273438e+00	2.270593e+00	5.178460e+00
1.170000e+00	2.714118e+00	1.895927e+00	1.802512e+00	-2.220446e-16	-1.110223e-16	1.110223e-16	2.256809e+00	2.054371e+00	4.641211e+00
1.180000e+00	2.658708e+00	1.829004e+00	1.769918e+00	-2.220446e-16	-2.775558e-16	-3.330669e-16	2.233323e+00	1.845995e+00	4.105484e+00
1.190000e+00	2.602978e+00	1.762824e+00	1.736966e+00	0.000000e+00	-3.330669e-16	2.775558e-16	2.202648e+00	1.645695e+00	3.578790e+00
1.200000e+00	2.546914e+00	1.697377e+00	1.703649e+00	-2.220446e-16	-1.110223e-16	-4.996004e-16	2.164528e+00	1.453620e+00	3.067781e+00
1.210000e+00	2.490502e+00	1.632646e+00	1.669959e+00	2.220446e-16	2.220446e-16	-1.110223e-16	2.118788e+00	1.269851e+00	2.578010e+00
1.220000e+00	2.433727e+00	1.568613e+00	1.635885e+00	-2.220446e-16	-2.775558e-16	-4.996004e-16	2.065329e+00	1.094403e+00	2.113795e+00
1.230000e+00	2.376573e+00	1.505258e+00	1.601419e+00	2.220446e-16	0.000000e+00	-2.220446e-16	2.004130e+00	9.272337e-01	1.678166e+00
1.240000e+00	2.319024e+00	1.442558e+00	1.566551e+00	0.000000e+00	-1.665335e-16	-1.110223e-16	1.935249e+00	7.682408e-01	1.272899e+00
1.250000e+00	2.261063e+00	1.380490e+00	1.531273e+00	-2.220446e-16	1.110223e-16	0.000000e+00	1.858829e+00	6.172655e-01	8.986246e-01
1.260000e+00	2.202672e+00	1.319030e+00	1.495575e+00	0.000000e+00	-3.885781e-16	-1.110223e-16	1.775099e+00	4.740900e-01	5.549758e-01
1.270000e+00	2.143836e+00	1.258152e+00	1.459447e+00	0.000000e+00	1.110223e-16	-4.440892e-16	1.684378e+00	3.384355e-01	2.407716e-01
1.280000e+00	2.084538e+00	1.197831e+00	1.422883e+00	0.000000e+00	-2.220446e-16	-4.440892e-16	1.587076e+00	2.099603e-01	-4.579328e-02
1.290000e+00	2.024763e+00	1.138041e+00	1.385872e+00	-2.220446e-16	1.110223e-16	-2.220446e-16	1.483703e+00	8.825668e-02	-3.069614e-01
1.300000e+00	1.964496e+00	1.078759e+00	1.348407e+00	0.000000e+00	-3.330669e-16	-4.440892e-16	1.374865e+00	-2.715098e-02	-5.452414e-01
1.310000e+00	1.903722e+00	1.019958e+00	1.310482e+00	1.110223e-16	-1.110223e-16	-2.220446e-16	1.261271e+00	-1.368081e-01	-7.632586e-01
1.320000e+00	1.842429e+00	9.616149e-01	1.272089e+00	-1.110223e-16	2.775558e-17	-4.440892e-16	1.143729e+00	-2.413309e-01	-9.636316e-01
1.330000e+00	1.780604e+00	9.037070e-01	1.233223e+00	0.000000e+00	-2.775558e-17	-2.220446e-16	1.023149e+00	-3.414061e-01	-1.148875e+00
1.340000e+00	1.718235e+00	8.462117e-01	1.193877e+00	-1.110223e-16	5.551115e-17	1.110223e-16	9.005382e-01	-4.377896e-01	-1.321328e+00
1.350000e+00	1.655313e+00	7.891078e-01	1.154049e+00	1.110223e-16	0.000000e+00	-3.330669e-16	7.769973e-01	-5.313034e-01	-1.483102e+00
1.360000e+00	1.591830e+00	7.323752e-01	1.113734e+00	0.000000e+00	-2.220446e-16	-3.330669e-16	6.537166e-01	-6.228311e-01	-1.636053e+00
1.370000e+00	1.527777e+00	6.759951e-01	1.072929e+00	0.000000e+00	-8.326673e-17	0.000000e+00	5.319664e-01	-7.133117e-01	-1.781763e+00
1.380000e+00	1.463149e+00	6.199496e-01	1.031632e+00	0.000000e+00	-8.326673e-17	-2.220446e-16	4.130882e-01	-8.037312e-01	-1.921543e+00
1.390000e+00	1.397940e+00	5.642224e-01	9.898415e-01	-1.110223e-16	0.000000e+00	-2.220446e-16	2.984825e-01	-8.951120e-01	-2.056435e+00
1.400000e+00	1.332148e+00	5.087985e-01	9.475580e-01	0.000000e+00	-8.326673e-17	-3.330669e-16	1.895948e-01	-9.885018e-01	-2.187230e+00
1.410000e+00	1.265771e+00	4.536641e-01	9.047817e-01	1.110223e-16	-5.551115e-17	-2.220446e-16	8.789992e-02	-1.084959e+00	-2.314492e+00
1.420000e+00	1.198808e+00	3.988066e-01	8.615141e-01	-1.110223e-16	-5.551115e-17	-2.220446e-16	-5.116391e-03	-1.185536e+00	-2.438577e+00
1.430000e+00	1.131261e+00	3.442152e-01	8.177577e-01	1.110223e-16	-4.163336e-17	-1.110223e-16	-8.797721e-02	-1.291265e+00	-2.559666e+00
1.440000e+00	1.063131e+00	2.898799e-01	7.735158e-01	0.000000e+00	-5.551115e-17	-1.110223e-16	-1.592360e-01	-1.403137e+00	-2.677795e+00
1.450000e+00	9.944227e-01	2.357925e-01	7.287927e-01	5.551115e-17	2.775558e-17	-3.330669e-16	-2.174993e-01	-1.522080e+00	-2.792888e+00
1.460000e+00	9.251417e-01	1.819457e-01	6.835938e-01	0.000000e+00	-2.775558e-17	-1.110223e-16	-2.614511e-01	-1.648944e+00	-2.904789e+00
1.470000e+00	8.552949e-01	1.283337e-01	6.379251e-01	5.551115e-17	0.000000e+00	-2.220446e-16	-2.898768e-01	-1.784476e+00	-3.013295e+00
1.480000e+00	7.848905e-01	7.495200e-02	5.917939e-01	1.110223e-16	2.775558e-17	0.000000e+00	-3.016883e-01	-1.929302e+00	-3.118192e+00
1.490000e+00	7.139386e-01	2.179720e-02	5.452082e-01	-5.551115e-17	0.000000e+00	-2.220446e-16	-2.959482e-01	-2.083906e+00	-3.219285e+00
1.500000e+00	6.424504e-01	-3.113283e-02	4.981771e-01	8.326673e-17	-5.551115e-17	-2.220446e-16	-2.718930e-01	-2.248612e+00	-3.316429e+00
1.510000e+00	5.704387e-01	-8.383909e-02	4.507104e-01	2.775558e-17	0.000000e+00	-1.110223e-16	-2.289554e-01	-2.423567e+00	-3.409558e+00
1.520000e+00	4.979177e-01	-1.363214e-01	4.028191e-01	-2.775558e-17	-5.551115e-17	-3.330669e-16	-1.667837e-01	-2.608727e+00	-3.498706e+00
1.530000e+00	4.249029e-01	-1.885787e-01	3.545149e-01	2.775558e-17	2.775558e-17	-2.220446e-16	-8.525920e-02	-2.803846e+00	-3.584025e+00
1.540000e+00	3.514113e-01	-2.406085e-01	3.058106e-01	5.551115e-17	-2.775558e-17	-4.440892e-16	1.549005e-02	-3.008466e+00	-3.665805e+00
1.550000e+00	2.774612e-01	-2.924076e-01	2.567197e-01	-3.469447e-18	-5.551115e-17	0.000000e+00	1.350787e-01	-3.221915e+00	-3.744475e+00
1.560000e+00	2.030723e-01	-3.439719e-01	2.072567e-01	-4.163336e-17	0.000000e+00	-2.775558e-16	2.728583e-01	-3.443304e+00	-3.820609e+00
1.570000e+00	1.282655e-01	-3.952960e-01	1.574368e-01	5.551115e-17	-8.326673e-17	-1.110223e-16	4.279152e-01	-3.671533e+00	-3.894923e+00
1.580000e+00	5.306312e-02	-4.463741e-01	1.072764e-01	-5.551115e-17	0.000000e+00	0.000000e+00	5.990735e-01	-3.905296e+00	-3.968259e+00
1.590000e+00	-2.251146e-02	-4.971993e-01	5.679242e-02	1.110223e-16	0.000000e+00	-5.551115e-17	7.849027e-01	-4.143098e+00	-4.041579e+00
1.600000e+00	-9.843349e-02	-5.477638e-01	6.002662e-03	5.551115e-17	-4.163336e-17	-3.330669e-16	9.837302e-01	-4.383265e+00	-4.115937e+00
1.610000e+00	-1.746771e-01	-5.980595e-01	-4.507420e-02	2.775558e-17	-2.775558e-17	-1.110223e-16	1.193657e+00	-4.623971e+00	-4.192460e+00
1.620000e+00	-2.512152e-01	-6.480771e-01	-9.641876e-02	-5.551115e-17	-5.551115e-17	-3.330669e-16	1.412581e+00	-4.863254e+00	-4.272317e+00
1.630000e+00	-3.280197e-01	-6.978069e-01	-1.480108e-01	0.000000e+00	4.163336e-17	-1.665335e-16	1.638220e+00	-5.099050e+00	-4.356695e+00
1.640000e+00	-4.050614e-01	-7.472387e-01	-1.998295e-01	5.551115e-17	-5.551115e-17	1.665335e-16	1.868138e+00	-5.329216e+00	-4.446759e+00
1.650000e+00	-4.823099e-01	-7.963615e-01	-2.518531e-01	-5.551115e-17	-1.110223e-16	0.000000e+00	2.099781e+00	-5.551566e+00	-4.543623e+00
1.660000e+00	-5.597340e-01	-8.451639e-01	-3.040593e-01	0.000000e+00	-1.387779e-16	0.000000e+00	2.330506e+00	-5.763896e+00	-4.648305e+00
1.670000e+00	-6.373015e-01	-8.936341e-01	-3.564252e-01	0.000000e+00	0.000000e+00	0.000000e+00	2.557617e+00	-5.964021e+00	-4.761691e+00
1.680000e+00	-7.149791e-01	-9.417598e-01	-4.089270e-01	0.000000e+00	1.110223e-16	-2.220446e-16	2.778401e+00	-6.149805e+00	-4.884486e+00
1.690000e+00	-7.927329e-01	-9.895283e-01	-4.615406e-01	0.000000e+00	-5.551115e-17	-5.551115e-17	2.990158e+00	-6.319190e+00	-5.017156e+00
1.700000e+00	-8.705279e-01	-1.036927e+00	-5.142410e-01	0.000000e+00	0.000000e+00	-5.551115e-17	3.190241e+00	-6.470229e+00	-5.159871e+00
1.710000e+00	-9.483285e-01	-1.083941e+00	-5.670028e-01	0.000000e+00	-2.220446e-16	-2.220446e-16	3.376087e+00	-6.601105e+00	-5.312428e+00
1.720000e+00	-1.026098e+00	-1.130559e+00	-6.198001e-01	1.110223e-16	-1.110223e-16	-4.163336e-16	3.545244e+00	-6.710161e+00	-5.474168e+00
1.730000e+00	-1.103800e+00	-1.176765e+00	-6.726064e-01	1.110223e-16	-1.110223e-16	-1.110223e-16	3.695406e+00	-6.795918e+00	-5.643875e+00
1.740000e+00	-1.181396e+00	-1.222547e+00	-7.253947e-01	1.110223e-16	-1.110223e-16	-1.387779e-16	3.824429e+00	-6.857092e+00	-5.819668e+00
1.750000e+00	-1.258848e+00	-1.267890e+00	-7.781377e-01	0.000000e+00	1.110223e-16	-1.110223e-16	3.930360e+00	-6.892606e+00	-5.998876e+00
1.760000e+00	-1.336116e+00	-1.312779e+00	-8.308074e-01	-1.110223e-16	-4.440892e-16	1.942890e-16	4.011453e+00	-6.901600e+00	-6.177904e+00
1.770000e+00	-1.413162e+00	-1.357201e+00	-8.833757e-01	-1.110223e-16	-3.330669e-16	-3.885781e-16	4.066178e+00	-6.883436e+00	-6.352109e+00
1.780000e+00	-1.489945e+00	-1.401141e+00	-9.358141e-01	1.110223e-16	2.220446e-16	1.665335e-16	4.093238e+00	-6.837697e+00	-6.515677e+00
1.790000e+00	-1.566425e+00	-1.444585e+00	-9.880935e-01	1.110223e-16	-2.220446e-16	-2.775558e-17	4.091566e+00	-6.764187e+00	-6.661540e+00
1.800000e+00	-1.642561e+00	-1.487519e+00	-1.040185e+00	0.000000e+00	-6.661338e-16	3.053113e-16	4.060335e+00	-6.662920e+00	-6.781347e+00
1.810000e+00	-1.718312e+00	-1.529928e+00	-1.092059e+00	2.220446e-16	-4.440892e-16	1.942890e-16	3.998949e+00	-6.534114e+00	-6.865525e+00
1.820000e+00	-1.793637e+00	-1.571798e+00	-1.143685e+00	0.000000e+00	0.000000e+00	0.000000e+00	3.907037e+00	-6.378173e+00	-6.903457e+00
1.830000e+00	-1.868494e+00	-1.613115e+00	-1.195035e+00	0.000000e+00	-2.220446e-16	0.000000e+00	3.784447e+00	-6.195672e+00	-6.883826e+00
1.840000e+00	-1.942841e+00	-1.653866e+00	-1.246077e+00	2.220446e-16	4.440892e-16	-5.551115e-17	3.631226e+00	-5.987338e+00	-6.795142e+00
1.850000e+00	-2.016637e+00	-1.694036e+00	-1.296782e+00	-2.220446e-16	0.000000e+00	1.387779e-16	3.447607e+00	-5.754027e+00	-6.626465e+00
1.860000e+00	-2.089838e+00	-1.733613e+00	-1.347119e+00	2.220446e-16	-4.440892e-16	1.110223e-16	3.233988e+00	-5.496701e+00	-6.368321e+00
1.870000e+00	-2.162404e+00	-1.772583e+00	-1.397058e+00	2.220446e-16	0.000000e+00	-1.110223e-16	2.990911e+00	-5.216401e+00	-6.013747e+00
1.880000e+00	-2.234292e+00	-1.810933e+00	-1.446569e+00	0.000000e+00	2.220446e-16	0.000000e+00	2.719036e+00	-4.914223e+00	-5.559375e+00
1.890000e+00	-2.305461e+00	-1.848651e+00	-1.495621e+00	2.220446e-16	4.440892e-16	1.110223e-16	2.419117e+00	-4.591289e+00	-5.006421e+00
1.900000e+00	-2.375867e+00	-1.885724e+00	-1.544184e+00	2.220446e-16	0.000000e+00	0.000000e+00	2.091975e+00	-4.248723e+00	-4.361422e+00
1.910000e+00	-2.445470e+00	-1.922140e+00	-1.592228e+00	0.000000e+00	0.000000e+00	1.942890e-16	1.738472e+00	-3.887621e+00	-3.636551e+00
1.920000e+00	-2.514229e+00	-1.957888e+00	-1.639722e+00	0.000000e+00	2.220446e-16	-5.551115e-17	1.359482e+00	-3.509028e+00	-2.849399e+00
1.930000e+00	-2.582100e+00	-1.992955e+00	-1.686637e+00	0.000000e+00	-2.220446e-16	-5.551115e-17	9.558708e-01	-3.113917e+00	-2.022161e+00
1.940000e+00	-2.649045e+00	-2.027332e+00	-1.732942e+00	0.000000e+00	2.220446e-16	0.000000e+00	5.284673e-01	-2.703161e+00	-1.180284e+00
1.950000e+00	-2.715022e+00	-2.061006e+00	-1.778608e+00	0.000000e+00	-4.440892e-16	3.053113e-16	7.804715e-02	-2.277527e+00	-3.507026e-01
1.960000e+00	-2.779990e+00	-2.093969e+00	-1.823606e+00	-2.220446e-16	0.000000e+00	3.608225e-16	-3.946837e-01	-1.837653e+00	4.401063e-01
1.970000e+00	-2.843911e+00	-2.126210e+00	-1.867907e+00	0.000000e+00	-4.440892e-16	0.000000e+00	-8.890983e-01	-1.384051e+00	1.167997e+00
1.980000e+00	-2.906744e+00	-2.157720e+00	-1.911481e+00	-2.220446e-16	-4.440892e-16	2.775558e-16	-1.404650e+00	-9.171039e-01	1.812725e+00
1.990000e+00	-2.968450e+00	-2.188489e+00	-1.954299e+00	-2.220446e-16	2.220446e-16	2.775558e-17	-1.940866e+00	-4.370799e-01	2.359044e+00
2.000000e+00	-3.028992e+00	-2.218508e+00	-1.996335e+00	0.000000e+00	0.000000e+00	3.330669e-16	-2.497321e+00	5.584534e-02	2.797234e+00
2.010000e+00	-3.088331e+00	-2.247771e+00	-2.037560e+00	0.000000e+00	2.220446e-16	5.551115e-16	-3.073608e+00	5.615499e-01	3.123084e+00
2.020000e+00	-3.146431e+00	-2.276267e+00	-2.077947e+00	0.000000e+00	0.000000e+00	5.273559e-16	-3.669279e+00	1.079911e+00	3.337417e+00
2.030000e+00	-3.203254e+00	-2.303991e+00	-2.117468e+00	0.000000e+00	-1.110223e-16	2.220446e-16	-4.283770e+00	1.610731e+00	3.445294e+00
2.040000e+00	-3.258765e+00	-2.330935e+00	-2.156098e+00	0.000000e+00	0.000000e+00	1.110223e-16	-4.916307e+00	2.153641e+00	3.455045e+00
2.050000e+00	-3.312929e+00	-2.357092e+00	-2.193810e+00	-2.220446e-16	0.000000e+00	-1.110223e-16	-5.565774e+00	2.707981e+00	3.377273e+00
2.060000e+00	-3.365712e+00	-2.382456e+00	-2.230579e+00	2.220446e-16	-1.110223e-16	3.330669e-16	-6.230569e+00	3.272662e+00	3.223942e+00
2.070000e+00	-3.417080e+00	-2.407021e+00	-2.266380e+00	-2.220446e-16	1.387779e-17	2.775558e-16	-6.908429e+00	3.845999e+00	3.007613e+00
2.080000e+00	-3.467001e+00	-2.430781e+00	-2.301189e+00	-2.220446e-16	2.775558e-17	8.881784e-16	-7.596243e+00	4.425537e+00	2.740866e+00
2.090000e+00	-3.515442e+00	-2.453731e+00	-2.334982e+00	0.000000e+00	0.000000e+00	5.551115e-17	-8.289854e+00	5.007871e+00	2.435912e+00
2.100000e+00	-3.562372e+00	-2.475866e+00	-2.367736e+00	0.000000e+00	-1.110223e-16	5.551115e-17	-8.983883e+00	5.588477e+00	2.104369e+00
2.110000e+00	-3.607763e+00	-2.497182e+00	-2.399430e+00	0.000000e+00	2.220446e-16	3.885781e-16	-9.671579e+00	6.161580e+00	1.757170e+00
2.120000e+00	-3.651583e+00	-2.517675e+00	-2.430040e+00	0.000000e+00	2.220446e-16	0.000000e+00	-1.034475e+01	6.720088e+00	1.404563e+00
2.130000e+00	-3.693807e+00	-2.537340e+00	-2.459546e+00	0.000000e+00	2.220446e-16	2.775558e-16	-1.099377e+01	7.255613e+00	1.056145e+00
2.140000e+00	-3.734405e+00	-2.556175e+00	-2.487928e+00	0.000000e+00	4.440892e-16	6.661338e-16	-1.160778e+01	7.758622e+00	7.209077e-01
2.150000e+00	-3.773353e+00	-2.574175e+00	-2.515165e+00	0.000000e+00	4.440892e-16	0.000000e+00	-1.217496e+01	8.218739e+00	4.072427e-01
2.160000e+00	-3.810625e+00	-2.591339e+00	-2.541241e+00	0.000000e+00	4.440892e-16	3.885781e-16	-1.268307e+01	8.625197e+00	1.228942e-01
2.170000e+00	-3.846196e+00	-2.607662e+00	-2.566135e+00	4.440892e-16	8.881784e-16	1.665335e-16	-1.312005e+01	8.967428e+00	-1.251554e-01
2.180000e+00	-3.880045e+00	-2.623143e+00	-2.589831e+00	0.000000e+00	0.000000e+00	5.551115e-16	-1.347486e+01	9.235763e+00	-3.308587e-01
2.190000e+00	-3.912150e+00	-2.637780e+00	-2.612313e+00	0.000000e+00	4.440892e-16	5.551115e-16	-1.373818e+01	9.422149e+00	-4.893131e-01
2.200000e+00	-3.942488e+00	-2.651570e+00	-2.633565e+00	0.000000e+00	-4.440892e-16	4.440892e-16	-1.390321e+01	9.520812e+00	-5.969760e-01
2.210000e+00	-3.971042e+00	-2.664512e+00	-2.653572e+00	0.000000e+00	-1.332268e-15	3.885781e-16	-1.396623e+01	9.528765e+00	-6.518447e-01
2.220000e+00	-3.997792e+00	-2.676604e+00	-2.672320e+00	0.000000e+00	0.000000e+00	3.330669e-16	-1.392693e+01	9.446091e+00	-6.535694e-01
2.230000e+00	-4.022722e+00	-2.687844e+00	-2.689796e+00	4.440892e-16	0.000000e+00	5.551115e-16	-1.378841e+01	9.275946e+00	-6.034754e-01
2.240000e+00	-4.045814e+00	-2.698232e+00	-2.705988e+00	4.440892e-16	4.440892e-16	5.551115e-17	-1.355692e+01	9.024290e+00	-5.044914e-01
2.250000e+00	-4.067055e+00	-2.707766e+00	-2.720885e+00	0.000000e+00	0.000000e+00	0.000000e+00	-1.324132e+01	8.699378e+00	-3.609968e-01
2.260000e+00	-4.086430e+00	-2.716445e+00	-2.734476e+00	0.000000e+00	0.000000e+00	0.000000e+00	-1.285236e+01	8.311099e+00	-1.786181e-01
2.270000e+00	-4.103926e+00	-2.724269e+00	-2.746751e+00	0.000000e+00	-2.220446e-16	1.110223e-16	-1.240191e+01	7.870247e+00	3.599228e-02
2.280000e+00	-4.119534e+00	-2.731237e+00	-2.757703e+00	0.000000e+00	-2.220446e-16	1.665335e-16	-1.190213e+01	7.387812e+00	2.753579e-01
2.290000e+00	-4.133241e+00	-2.737348e+00	-2.767322e+00	0.000000e+00	4.440892e-16	3.330669e-16	-1.136485e+01	6.874375e+00	5.313383e-01
2.300000e+00	-4.145041e+00	-2.742601e+00	-2.775604e+00	4.440892e-16	3.330669e-16	2.775558e-16	-1.080103e+01	6.339635e+00	7.952327e-01
2.310000e+00	-4.154924e+00	-2.746997e+00	-2.782541e+00	0.000000e+00	3.330669e-16	2.775558e-16	-1.022038e+01	5.792104e+00	1.057831e+00
2.320000e+00	-4.162884e+00	-2.750534e+00	-2.788129e+00	0.000000e+00	-1.110223e-16	0.000000e+00	-9.631206e+00	5.238942e+00	1.309429e+00
2.330000e+00	-4.168917e+00	-2.753213e+00	-2.792365e+00	4.440892e-16	-2.775558e-17	2.220446e-16	-9.040359e+00	4.685929e+00	1.539829e+00
2.340000e+00	-4.173018e+00	-2.755033e+00	-2.795244e+00	0.000000e+00	-2.775558e-17	5.551115e-17	-8.453264e+00	4.137530e+00	1.738366e+00
2.350000e+00	-4.175185e+00	-2.755994e+00	-2.796765e+00	-4.440892e-16	5.551115e-17	-5.551115e-17	-7.874079e+00	3.597032e+00	1.893988e+00
2.360000e+00	-4.175416e+00	-2.756097e+00	-2.796928e+00	0.000000e+00	1.110223e-16	2.220446e-16	-7.305860e+00	3.066709e+00	1.995432e+00
2.370000e+00	-4.173712e+00	-2.755341e+00	-2.795731e+00	0.000000e+00	0.000000e+00	1.110223e-16	-6.750756e+00	2.548010e+00	2.031513e+00
2.380000e+00	-4.170072e+00	-2.753726e+00	-2.793176e+00	0.000000e+00	1.110223e-16	2.775558e-16	-6.210197e+00	2.041741e+00	1.991560e+00
2.390000e+00	-4.164501e+00	-2.751252e+00	-2.789264e+00	0.000000e+00	0.000000e+00	1.110223e-16	-5.685068e+00	1.548228e+00	1.865986e+00
2.400000e+00	-4.157000e+00	-2.747920e+00	-2.783999e+00	0.000000e+00	2.220446e-16	3.330669e-16	-5.175868e+00	1.067468e+00	1.646983e+00
2.410000e+00	-4.147576e+00	-2.743729e+00	-2.777384e+00	0.000000e+00	2.220446e-16	-5.551115e-17	-4.682834e+00	5.992483e-01	1.329288e+00
2.420000e+00	-4.136234e+00	-2.738681e+00	-2.769423e+00	-4.440892e-16	-2.220446e-16	6.106227e-16	-4.206052e+00	1.432517e-01	9.109537e-01
2.430000e+00	-4.122982e+00	-2.732775e+00	-2.760122e+00	-4.440892e-16	-4.440892e-16	4.996004e-16	-3.745533e+00	-3.008681e-01	3.940290e-01
2.440000e+00	-4.107827e+00	-2.726012e+00	-2.749488e+00	0.000000e+00	4.440892e-16	5.551115e-17	-3.301281e+00	-7.334259e-01	-2.149686e-01
2.450000e+00	-4.090781e+00	-2.718392e+00	-2.737528e+00	0.000000e+00	-2.220446e-16	-1.110223e-16	-2.873328e+00	-1.154663e+00	-9.048867e-01
2.460000e+00	-4.071853e+00	-2.709917e+00	-2.724251e+00	4.440892e-16	-2.220446e-16	1.110223e-16	-2.461771e+00	-1.564718e+00	-1.660165e+00
2.470000e+00	-4.051057e+00	-2.700587e+00	-2.709665e+00	0.000000e+00	0.000000e+00	1.665335e-16	-2.066779e+00	-1.963610e+00	-2.461493e+00
2.480000e+00	-4.028406e+00	-2.690403e+00	-2.693782e+00	0.000000e+00	4.440892e-16	2.775558e-16	-1.688606e+00	-2.351233e+00	-3.286869e+00
2.490000e+00	-4.003914e+00	-2.679366e+00	-2.676611e+00	0.000000e+00	2.220446e-16	5.551115e-17	-1.327584e+00	-2.727355e+00	-4.112975e+00
2.500000e+00	-3.977597e+00	-2.667478e+00	-2.658166e+00	0.000000e+00	0.000000e+00	2.220446e-16	-9.841162e-01	-3.091622e+00	-4.916716e+00
2.510000e+00	-3.949473e+00	-2.654739e+00	-2.638458e+00	0.000000e+00	-2.220446e-16	1.665335e-16	-6.586651e-01	-3.443572e+00	-5.676745e+00
2.520000e+00	-3.919559e+00	-2.641151e+00	-2.617503e+00	0.000000e+00	2.220446e-16	2.220446e-16	-3.517350e-01	-3.782649e+00	-6.374784e+00
2.530000e+00	-3.887874e+00	-2.626717e+00	-2.595313e+00	0.000000e+00	6.661338e-16	-1.110223e-16	-6.385415e-02	-4.108215e+00	-6.996604e+00
2.540000e+00	-3.854440e+00	-2.611437e+00	-2.571906e+00	0.000000e+00	2.220446e-16	0.000000e+00	2.044454e-01	-4.419577e+00	-7.532570e+00
2.550000e+00	-3.819278e+00	-2.595315e+00	-2.547296e+00	0.000000e+00	-4.440892e-16	2.220446e-16	4.526483e-01	-4.715999e+00	-7.977733e+00
2.560000e+00	-3.782410e+00	-2.578352e+00	-2.521501e+00	4.440892e-16	2.220446e-16	3.330669e-16	6.802766e-01	-4.996724e+00	-8.331526e+00
2.570000e+00	-3.743861e+00	-2.560551e+00	-2.494539e+00	-4.440892e-16	-2.220446e-16	6.106227e-16	8.869105e-01	-5.261001e+00	-8.597140e+00
2.580000e+00	-3.703654e+00	-2.541916e+00	-2.466429e+00	0.000000e+00	4.440892e-16	3.885781e-16	1.072207e+00	-5.508096e+00	-8.780728e+00
2.590000e+00	-3.661817e+00	-2.522448e+00	-2.437190e+00	0.000000e+00	4.440892e-16	0.000000e+00	1.235920e+00	-5.737318e+00	-8.890525e+00
2.600000e+00	-3.618375e+00	-2.502153e+00	-2.406842e+00	0.000000e+00	-2.220446e-16	2.775558e-16	1.377914e+00	-5.948036e+00	-8.936007e+00
2.610000e+00	-3.573357e+00	-2.481033e+00	-2.375405e+00	0.000000e+00	0.000000e+00	-1.665335e-16	1.498181e+00	-6.139698e+00	-8.927151e+00
2.620000e+00	-3.526792e+00	-2.459093e+00	-2.342902e+00	0.000000e+00	4.440892e-16	6.106227e-16	1.596852e+00	-6.311843e+00	-8.873829e+00
2.630000e+00	-3.478709e+00	-2.436337e+00	-2.309355e+00	0.000000e+00	0.000000e+00	3.330669e-16	1.674207e+00	-6.464120e+00	-8.785371e+00
2.640000e+00	-3.429139e+00	-2.412770e+00	-2.274787e+00	-2.220446e-16	2.220446e-16	4.996004e-16	1.730682e+00	-6.596297e+00	-8.670261e+00
2.650000e+00	-3.378114e+00	-2.388397e+00	-2.239220e+00	2.220446e-16	2.220446e-16	3.330669e-16	1.766874e+00	-6.708272e+00	-8.535972e+00
2.660000e+00	-3.325666e+00	-2.363224e+00	-2.202680e+00	0.000000e+00	0.000000e+00	2.220446e-16	1.783539e+00	-6.800080e+00	-8.388900e+00
2.670000e+00	-3.271829e+00	-2.337256e+00	-2.165191e+00	0.000000e+00	-3.330669e-16	2.220446e-16	1.781594e+00	-6.871896e+00	-8.234372e+00
2.680000e+00	-3.216636e+00	-2.310499e+00	-2.126778e+00	0.000000e+00	0.000000e+00	5.551115e-16	1.762110e+00	-6.924039e+00	-8.076709e+00
2.690000e+00	-3.160123e+00	-2.282961e+00	-2.087468e+00	-2.220446e-16	-1.110223e-16	4.163336e-16	1.726304e+00	-6.956970e+00	-7.919320e+00
2.700000e+00	-3.102325e+00	-2.254648e+00	-2.047285e+00	2.220446e-16	3.330669e-16	4.996004e-16	1.675524e+00	-6.971285e+00	-7.764804e+00
2.710000e+00	-3.043279e+00	-2.225568e+00	-2.006258e+00	-2.220446e-16	-2.220446e-16	2.775558e-16	1.611242e+00	-6.967714e+00	-7.615066e+00
2.720000e+00	-2.983021e+00	-2.195729e+00	-1.964414e+00	0.000000e+00	1.110223e-16	8.326673e-17	1.535030e+00	-6.947106e+00	-7.471424e+00
2.730000e+00	-2.921589e+00	-2.165138e+00	-1.921780e+00	0.000000e+00	1.110223e-16	4.718448e-16	1.448541e+00	-6.910417e+00	-7.334709e+00
2.740000e+00	-2.859022e+00	-2.133805e+00	-1.878384e+00	-2.220446e-16	0.000000e+00	4.440892e-16	1.353494e+00	-6.858700e+00	-7.205356e+00
2.750000e+00	-2.795357e+00	-2.101737e+00	-1.834254e+00	0.000000e+00	5.551115e-17	2.498002e-16	1.251643e+00	-6.793084e+00	-7.083481e+00
2.760000e+00	-2.730636e+00	-2.068946e+00	-1.789420e+00	0.000000e+00	0.000000e+00	2.775558e-16	1.144755e+00	-6.714757e+00	-6.968953e+00
2.770000e+00	-2.664896e+00	-2.035441e+00	-1.743911e+00	0.000000e+00	-5.551115e-17	2.498002e-16	1.034588e+00	-6.624946e+00	-6.861449e+00
2.780000e+00	-2.598179e+00	-2.001231e+00	-1.697756e+00	2.220446e-16	1.665335e-16	2.775558e-17	9.228609e-01	-6.524900e+00	-6.760506e+00
2.790000e+00	-2.530525e+00	-1.966327e+00	-1.650984e+00	0.000000e+00	0.000000e+00	-2.775558e-17	8.112342e-01	-6.415865e+00	-6.665561e+00
2.800000e+00	-2.461975e+00	-1.930741e+00	-1.603625e+00	0.000000e+00	0.000000e+00	-5.551115e-17	7.012813e-01	-6.299067e+00	-6.575990e+00
2.810000e+00	-2.392570e+00	-1.894484e+00	-1.555710e+00	2.220446e-16	-1.110223e-16	-1.110223e-16	5.944697e-01	-6.175690e+00	-6.491134e+00
2.820000e+00	-2.322351e+00	-1.857567e+00	-1.507268e+00	0.000000e+00	1.665335e-16	1.110223e-16	4.921395e-01	-6.046861e+00	-6.410327e+00
2.830000e+00	-2.251361e+00	-1.820002e+00	-1.458330e+00	0.000000e+00	2.775558e-17	-4.996004e-16	3.954866e-01	-5.913630e+00	-6.332913e+00
2.840000e+00	-2.179641e+00	-1.781802e+00	-1.408926e+00	0.000000e+00	0.000000e+00	2.220446e-16	3.055478e-01	-5.776957e+00	-6.258265e+00
2.850000e+00	-2.107234e+00	-1.742979e+00	-1.359087e+00	0.000000e+00	-5.551115e-17	2.220446e-16	2.231895e-01	-5.637698e+00	-6.185796e+00
2.860000e+00	-2.034180e+00	-1.703545e+00	-1.308842e+00	2.220446e-16	-5.551115e-17	0.000000e+00	1.490996e-01	-5.496599e+00	-6.114967e+00
2.870000e+00	-1.960523e+00	-1.663516e+00	-1.258222e+00	-2.220446e-16	5.551115e-17	-1.110223e-16	8.378323e-02	-5.354284e+00	-6.045290e+00
2.880000e+00	-1.886303e+00	-1.622902e+00	-1.207258e+00	0.000000e+00	-5.551115e-17	2.775558e-16	2.756151e-02	-5.211256e+00	-5.976331e+00
2.890000e+00	-1.811564e+00	-1.581719e+00	-1.155979e+00	0.000000e+00	-8.326673e-17	4.163336e-16	-1.942567e-02	-5.067889e+00	-5.907702e+00
2.900000e+00	-1.736348e+00	-1.539980e+00	-1.104416e+00	0.000000e+00	0.000000e+00	-5.551115e-17	-5.721405e-02	-4.924438e+00	-5.839056e+00
2.910000e+00	-1.660694e+00	-1.497698e+00	-1.052598e+00	2.220446e-16	-2.775558e-17	-1.665335e-16	-8.600620e-02	-4.781034e+00	-5.770076e+00
2.920000e+00	-1.584647e+00	-1.454889e+00	-1.000556e+00	-2.220446e-16	1.110223e-16	1.110223e-16	-1.061601e-01	-4.637697e+00	-5.700456e+00
2.930000e+00	-1.508245e+00	-1.411566e+00	-9.483191e-01	0.000000e+00	0.000000e+00	-1.110223e-16	-1.181755e-01	-4.494343e+00	-5.629883e+00
2.940000e+00	-1.431531e+00	-1.367743e+00	-8.959161e-01	-2.220446e-16	-5.551115e-17	0.000000e+00	-1.226780e-01	-4.350790e+00	-5.558015e+00
2.950000e+00	-1.354544e+00	-1.323435e+00	-8.433762e-01	-2.220446e-16	0.000000e+00	-2.775558e-17	-1.204027e-01	-4.206776e+00	-5.484452e+00
2.960000e+00	-1.277325e+00	-1.278656e+00	-7.907281e-01	-1.110223e-16	5.551115e-17	4.440892e-16	-1.121756e-01	-4.061965e+00	-5.408713e+00
2.970000e+00	-1.199913e+00	-1.233420e+00	-7.380001e-01	0.000000e+00	-1.665335e-16	-1.665335e-16	-9.889523e-02	-3.915964e+00	-5.330197e+00
2.980000e+00	-1.122348e+00	-1.187742e+00	-6.852201e-01	2.220446e-16	1.665335e-16	0.000000e+00	-8.151454e-02	-3.768337e+00	-5.248159e+00
2.990000e+00	-1.044669e+00	-1.141635e+00	-6.324156e-01	2.220446e-16	-2.220446e-16	-2.220446e-16	-6.102212e-02	-3.618613e+00	-5.161669e+00
3.000000e+00	-9.669117e-01	-1.095115e+00	-5.796137e-01	-1.110223e-16	5.551115e-17	1.110223e-16	-3.842481e-02	-3.466305e+00	-5.069584e+00
3.010000e+00	-8.891152e-01	-1.048194e+00	-5.268411e-01	0.000000e+00	1.110223e-16	5.551115e-17	-1.473105e-02	-3.310916e+00	-4.970519e+00
3.020000e+00	-8.113155e-01	-1.000886e+00	-4.741237e-01	-1.110223e-16	-2.220446e-16	2.775558e-16	9.064591e-03	-3.151956e+00	-4.862814e+00
3.030000e+00	-7.335487e-01	-9.532046e-01	-4.214871e-01	1.110223e-16	-3.330669e-16	2.775558e-16	3.199544e-02	-2.988946e+00	-4.744521e+00
3.040000e+00	-6.558498e-01	-9.051630e-01	-3.689563e-01	0.000000e+00	-2.220446e-16	1.110223e-16	5.313517e-02	-2.821433e+00	-4.613392e+00
3.050000e+00	-5.782529e-01	-8.567740e-01	-3.165558e-01	5.551115e-17	-2.220446e-16	-2.220446e-16	7.160864e-02	-2.648990e+00	-4.466877e+00
3.060000e+00	-5.007916e-01	-8.080498e-01	-2.643093e-01	-5.551115e-17	-2.220446e-16	-2.220446e-16	8.660104e-02	-2.471228e+00	-4.302155e+00
3.070000e+00	-4.234983e-01	-7.590025e-01	-2.122400e-01	-5.551115e-17	1.110223e-16	0.000000e+00	9.736537e-02	-2.287799e+00	-4.116165e+00
3.080000e+00	-3.464044e-01	-7.096435e-01	-1.603704e-01	0.000000e+00	-1.110223e-16	1.110223e-16	1.032283e-01	-2.098399e+00	-3.905686e+00
3.090000e+00	-2.695405e-01	-6.599840e-01	-1.087223e-01	1.110223e-16	-1.110223e-16	0.000000e+00	1.035946e-01	-1.902767e+00	-3.667430e+00
3.100000e+00	-1.929362e-01	-6.100342e-01	-5.731672e-02	-2.775558e-17	-4.440892e-16	-1.110223e-16	9.794972e-02	-1.700693e+00	-3.398174e+00
3.110000e+00	-1.166197e-01	-5.598042e-01	-6.174115e-03	8.326673e-17	-1.110223e-16	1.665335e-16	8.586214e-02	-1.492010e+00	-3.094932e+00
3.120000e+00	-4.061844e-02	-5.093030e-01	4.468595e-02	2.775558e-17	1.110223e-16	-3.330669e-16	6.698349e-02	-1.276601e+00	-2.755141e+00
3.130000e+00	3.504143e-02	-4.585394e-01	9.524465e-02	6.938894e-17	-4.440892e-16	1.110223e-16	4.104870e-02	-1.054392e+00	-2.376887e+00
3.140000e+00	1.103349e-01	-4.075211e-01	1.454840e-01	-1.387779e-17	1.110223e-16	-1.110223e-16	7.875322e-03	-8.253528e-01	-1.959130e+00
3.150000e+00	1.852383e-01	-3.562551e-01	1.953867e-01	6.245005e-17	0.000000e+00	-2.775558e-16	-3.263749e-02	-5.894973e-01	-1.501930e+00
3.160000e+00	2.597290e-01	-3.047477e-01	2.449363e-01	4.683753e-17	0.000000e+00	-2.220446e-16	-8.050983e-02	-3.468799e-01	-1.006645e+00
3.170000e+00	3.337857e-01	-2.530043e-01	2.941175e-01	2.775558e-17	-2.220446e-16	3.330669e-16	-1.356817e-01	-9.759722e-02	-4.760744e-01
3.180000e+00	4.073886e-01	-2.010293e-01	3.429155e-01	4.163336e-17	-2.220446e-16	-3.330669e-16	-1.980128e-01	1.582117e-01	8.546124e-02
3.190000e+00	4.805189e-01	-1.488261e-01	3.913164e-01	-2.775558e-17	-1.110223e-16	1.110223e-16	-2.672816e-01	4.203621e-01	6.721446e-01
3.200000e+00	5.531593e-01	-9.639740e-02	4.393075e-01	-8.326673e-17	-2.220446e-16	-1.110223e-16	-3.431826e-01	6.886196e-01	1.276787e+00
3.210000e+00	6.252941e-01	-4.374458e-02	4.868766e-01	2.775558e-17	-1.110223e-16	-2.220446e-16	-4.253225e-01	9.626924e-01	1.891064e+00
3.220000e+00	6.969085e-01	9.131945e-03	5.340127e-01	-5.551115e-17	-1.110223e-16	-4.440892e-16	-5.132135e-01	1.242222e+00	2.505858e+00
3.230000e+00	7.679896e-01	6.223289e-02	5.807057e-01	-5.551115e-17	0.000000e+00	-2.220446e-16	-6.062651e-01	1.526769e+00	3.111673e+00
3.240000e+00	8.385257e-01	1.155601e-01	6.269462e-01	0.000000e+00	-1.110223e-16	-3.330669e-16	-7.037730e-01	1.815797e+00	3.699103e+00
3.250000e+00	9.085066e-01	1.691167e-01	6.727261e-01	5.551115e-17	-4.440892e-16	0.000000e+00	-8.049054e-01	2.108655e+00	4.259307e+00
3.260000e+00	9.779234e-01	2.229069e-01	7.180378e-01	0.000000e+00	-5.551115e-17	1.110223e-16	-9.086874e-01	2.404547e+00	4.784446e+00
3.270000e+00	1.046769e+00	2.769363e-01	7.628751e-01	-5.551115e-17	-1.665335e-16	-2.220446e-16	-1.013983e+00	2.702510e+00	5.268060e+00
3.280000e+00	1.115037e+00	3.312116e-01	8.072324e-01	-1.110223e-16	-1.387779e-16	-3.330669e-16	-1.119476e+00	3.001384e+00	5.705335e+00
3.290000e+00	1.182725e+00	3.857411e-01	8.511051e-01	-1.110223e-16	-5.551115e-17	-1.110223e-16	-1.223651e+00	3.299779e+00	6.093260e+00
3.300000e+00	1.249827e+00	4.405340e-01	8.944897e-01	0.000000e+00	0.000000e+00	0.000000e+00	-1.324774e+00	3.596041e+00	6.430659e+00
3.310000e+00	1.316344e+00	4.956012e-01	9.373836e-01	0.000000e+00	0.000000e+00	1.110223e-16	-1.420881e+00	3.888233e+00	6.718115e+00
3.320000e+00	1.382276e+00	5.509547e-01	9.797849e-01	2.220446e-16	0.000000e+00	-3.330669e-16	-1.509764e+00	4.174101e+00	6.957795e+00
3.330000e+00	1.447623e+00	6.066081e-01	1.021693e+00	-1.110223e-16	-2.220446e-16	-1.110223e-16	-1.588980e+00	4.451069e+00	7.153209e+00
3.340000e+00	1.512390e+00	6.625761e-01	1.063108e+00	-1.110223e-16	0.000000e+00	-3.330669e-16	-1.655856e+00	4.716238e+00	7.308920e+00
3.350000e+00	1.576580e+00	7.188748e-01	1.104030e+00	1.110223e-16	0.000000e+00	-2.220446e-16	-1.707519e+00	4.966398e+00	7.430238e+00
3.360000e+00	1.640199e+00	7.755215e-01	1.144462e+00	1.110223e-16	-2.220446e-16	-1.110223e-16	-1.740946e+00	5.198074e+00	7.522918e+00
3.370000e+00	1.703254e+00	8.325349e-01	1.184407e+00	-1.110223e-16	0.000000e+00	-4.440892e-16	-1.753027e+00	5.407590e+00	7.592873e+00
3.380000e+00	1.765754e+00	8.899348e-01	1.223867e+00	-1.110223e-16	2.220446e-16	-2.220446e-16	-1.740653e+00	5.591155e+00	7.645922e+00
3.390000e+00	1.827708e+00	9.477422e-01	1.262847e+00	-1.110223e-16	0.000000e+00	-1.110223e-16	-1.700826e+00	5.744985e+00	7.687570e+00
3.400000e+00	1.889127e+00	1.005979e+00	1.301353e+00	2.220446e-16	-2.220446e-16	-2.220446e-16	-1.630779e+00	5.865441e+00	7.722829e+00
3.410000e+00	1.950024e+00	1.064668e+00	1.339389e+00	2.220446e-16	-2.220446e-16	-2.220446e-16	-1.528112e+00	5.949187e+00	7.756073e+00
3.420000e+00	2.010411e+00	1.123834e+00	1.376963e+00	0.000000e+00	2.220446e-16	-3.330669e-16	-1.390925e+00	5.993354e+00	7.790922e+00
3.430000e+00	2.070302e+00	1.183500e+00	1.414082e+00	2.220446e-16	4.440892e-16	-2.220446e-16	-1.217943e+00	5.995698e+00	7.830165e+00
3.440000e+00	2.129713e+00	1.243692e+00	1.450752e+00	0.000000e+00	4.440892e-16	0.000000e+00	-1.008624e+00	5.954747e+00	7.875686e+00
3.450000e+00	2.188657e+00	1.304434e+00	1.486983e+00	2.220446e-16	2.220446e-16	-4.440892e-16	-7.632358e-01	5.869908e+00	7.928432e+00
3.460000e+00	2.247153e+00	1.365753e+00	1.522783e+00	-2.220446e-16	2.220446e-16	0.000000e+00	-4.828929e-01	5.741545e+00	7.988378e+00
3.470000e+00	2.305215e+00	1.427674e+00	1.558161e+00	-2.220446e-16	4.440892e-16	-2.220446e-16	-1.695529e-01	5.570997e+00	8.054516e+00
3.480000e+00	2.362862e+00	1.490220e+00	1.593126e+00	0.000000e+00	0.000000e+00	-5.551115e-16	1.740313e-01	5.360548e+00	8.124862e+00
3.490000e+00	2.420109e+00	1.553417e+00	1.627687e+00	0.000000e+00	-2.220446e-16	-1.110223e-16	5.443993e-01	5.113357e+00	8.196476e+00
3.500000e+00	2.476972e+00	1.617286e+00	1.661854e+00	0.000000e+00	0.000000e+00	-4.996004e-16	9.375037e-01	4.833331e+00	8.265514e+00
3.510000e+00	2.533470e+00	1.681848e+00	1.695635e+00	2.220446e-16	2.220446e-16	0.000000e+00	1.348853e+00	4.524976e+00	8.327308e+00
3.520000e+00	2.589615e+00	1.747123e+00	1.729041e+00	0.000000e+00	0.000000e+00	1.665335e-16	1.773664e+00	4.193230e+00	8.376494e+00
3.530000e+00	2.645424e+00	1.813126e+00	1.762079e+00	0.000000e+00	4.440892e-16	-1.665335e-16	2.207016e+00	3.843287e+00	8.407185e+00
3.540000e+00	2.700909e+00	1.879871e+00	1.794757e+00	2.220446e-16	0.000000e+00	-1.110223e-16	2.643991e+00	3.480433e+00	8.413213e+00
3.550000e+00	2.756081e+00	1.947366e+00	1.827084e+00	-4.440892e-16	4.440892e-16	-1.665335e-16	3.079800e+00	3.109897e+00	8.388423e+00
3.560000e+00	2.810950e+00	2.015616e+00	1.859065e+00	0.000000e+00	-1.110223e-16	-2.220446e-16	3.509878e+00	2.736726e+00	8.327035e+00
3.570000e+00	2.865523e+00	2.084620e+00	1.890707e+00	-2.220446e-16	-1.110223e-16	-2.775558e-16	3.929961e+00	2.365693e+00	8.224042e+00
3.580000e+00	2.919802e+00	2.154369e+00	1.922012e+00	0.000000e+00	2.220446e-16	-5.551115e-17	4.336138e+00	2.001221e+00	8.075631e+00
3.590000e+00	2.973790e+00	2.224850e+00	1.952983e+00	-2.220446e-16	1.110223e-16	-2.498002e-16	4.724876e+00	1.647351e+00	7.879587e+00
3.600000e+00	3.027482e+00	2.296041e+00	1.983622e+00	4.440892e-16	5.551115e-17	-1.942890e-16	5.093029e+00	1.307714e+00	7.635632e+00
3.610000e+00	3.080870e+00	2.367909e+00	2.013927e+00	-2.220446e-16	-5.551115e-17	1.665335e-16	5.437834e+00	9.855328e-01	7.345655e+00
3.620000e+00	3.133941e+00	2.440414e+00	2.043893e+00	2.220446e-16	1.110223e-16	0.000000e+00	5.756895e+00	6.836356e-01	7.013796e+00
3.630000e+00	3.186678e+00	2.513502e+00	2.073516e+00	0.000000e+00	-2.775558e-17	3.330669e-16	6.048164e+00	4.044722e-01	6.646342e+00
3.640000e+00	3.239055e+00	2.587109e+00	2.102784e+00	4.440892e-16	-2.775558e-17	-1.110223e-16	6.309910e+00	1.501409e-01	6.251440e+00
3.650000e+00	3.291041e+00	2.661156e+00	2.131687e+00	-2.220446e-16	2.775558e-17	6.106227e-16	6.540704e+00	-7.758617e-02	5.838635e+00
3.660000e+00	3.342599e+00	2.735552e+00	2.160209e+00	-2.220446e-16	1.387779e-17	-1.665335e-16	6.739387e+00	-2.772378e-01	5.418284e+00
3.670000e+00	3.393681e+00	2.810189e+00	2.188329e+00	4.440892e-16	0.000000e+00	-5.551115e-17	6.905055e+00	-4.476214e-01	5.000894e+00
3.680000e+00	3.444233e+00	2.884943e+00	2.216026e+00	0.000000e+00	-3.469447e-18	-1.110223e-16	7.037040e+00	-5.878047e-01	4.596469e+00
3.690000e+00	3.494193e+00	2.959674e+00	2.243270e+00	-4.440892e-16	0.000000e+00	-5.551115e-17	7.134899e+00	-6.971007e-01	4.213926e+00
3.700000e+00	3.543489e+00	3.034224e+00	2.270031e+00	0.000000e+00	-6.938894e-18	3.330669e-16	7.198401e+00	-7.750574e-01	3.860636e+00
3.710000e+00	3.592040e+00	3.108417e+00	2.296273e+00	-4.440892e-16	-3.469447e-18	3.330669e-16	7.227521e+00	-8.214508e-01	3.542131e+00
3.720000e+00	3.639755e+00	3.182059e+00	2.321955e+00	-4.440892e-16	-3.469447e-18	-4.440892e-16	7.222434e+00	-8.362811e-01	3.261976e+00
3.730000e+00	3.686534e+00	3.254938e+00	2.347032e+00	-4.440892e-16	3.469447e-18	3.885781e-16	7.183518e+00	-8.197713e-01	3.021802e+00
3.740000e+00	3.732269e+00	3.326825e+00	2.371455e+00	0.000000e+00	-6.938894e-18	4.440892e-16	7.111343e+00	-7.723672e-01	2.821475e+00
3.750000e+00	3.776842e+00	3.397471e+00	2.395170e+00	-4.440892e-16	6.938894e-18	0.000000e+00	7.006679e+00	-6.947388e-01	2.659349e+00
3.760000e+00	3.820127e+00	3.466614e+00	2.418119e+00	4.440892e-16	6.938894e-18	2.220446e-16	6.870489e+00	-5.877809e-01	2.532574e+00
3.770000e+00	3.861991e+00	3.533977e+00	2.440241e+00	8.881784e-16	1.387779e-17	4.440892e-16	6.703928e+00	-4.526140e-01	2.437423e+00
3.780000e+00	3.902292e+00	3.599269e+00	2.461472e+00	4.440892e-16	0.000000e+00	0.000000e+00	6.508345e+00	-2.905832e-01	2.369598e+00
3.790000e+00	3.940886e+00	3.662191e+00	2.481745e+00	4.440892e-16	0.000000e+00	-4.440892e-16	6.285275e+00	-1.032557e-01	2.324510e+00
3.800000e+00	3.977623e+00	3.722436e+00	2.500990e+00	0.000000e+00	5.551115e-17	6.661338e-16	6.036434e+00	1.075839e-01	2.297504e+00
3.810000e+00	4.012351e+00	3.779692e+00	2.519136e+00	-4.440892e-16	5.551115e-17	1.110223e-16	5.763714e+00	3.399407e-01	2.284044e+00
3.820000e+00	4.044917e+00	3.833646e+00	2.536114e+00	-4.440892e-16	2.775558e-17	-2.220446e-16	5.469176e+00	5.916200e-01	2.279850e+00
3.830000e+00	4.075170e+00	3.883991e+00	2.551853e+00	0.000000e+00	1.665335e-16	-3.330669e-16	5.155036e+00	8.602392e-01	2.280983e+00
3.840000e+00	4.102962e+00	3.930426e+00	2.566285e+00	-4.440892e-16	1.665335e-16	-1.110223e-16	4.823657e+00	1.143244e+00	2.283914e+00
3.850000e+00	4.128152e+00	3.972662e+00	2.579343e+00	-4.440892e-16	1.110223e-16	-1.110223e-16	4.477532e+00	1.437928e+00	2.285546e+00
3.860000e+00	4.150606e+00	4.010428e+00	2.590965e+00	4.440892e-16	0.000000e+00	0.000000e+00	4.119272e+00	1.741450e+00	2.283230e+00
3.870000e+00	4.170199e+00	4.043472e+00	2.601093e+00	0.000000e+00	5.551115e-17	2.220446e-16	3.751590e+00	2.050860e+00	2.274765e+00
3.880000e+00	4.186821e+00	4.071568e+00	2.609675e+00	0.000000e+00	1.110223e-16	1.110223e-16	3.377280e+00	2.363125e+00	2.258385e+00
3.890000e+00	4.200375e+00	4.094521e+00	2.616667e+00	4.440892e-16	2.220446e-16	-2.220446e-16	2.999202e+00	2.675153e+00	2.232742e+00
3.900000e+00	4.210779e+00	4.112166e+00	2.622031e+00	0.000000e+00	1.110223e-16	0.000000e+00	2.620261e+00	2.983823e+00	2.196894e+00
3.910000e+00	4.217971e+00	4.124376e+00	2.625736e+00	0.000000e+00	1.110223e-16	3.330669e-16	2.243389e+00	3.286014e+00	2.150285e+00
3.920000e+00	4.221906e+00	4.131061e+00	2.627763e+00	-4.440892e-16	1.110223e-16	0.000000e+00	1.871519e+00	3.578631e+00	2.092726e+00
3.930000e+00	4.222560e+00	4.132173e+00	2.628100e+00	0.000000e+00	0.000000e+00	0.000000e+00	1.507573e+00	3.858639e+00	2.024377e+00
3.940000e+00	4.219930e+00	4.127703e+00	2.626745e+00	4.440892e-16	0.000000e+00	-6.661338e-16	1.154430e+00	4.123087e+00	1.945729e+00
3.950000e+00	4.214030e+00	4.117684e+00	2.623706e+00	-4.440892e-16	1.110223e-16	3.330669e-16	8.149152e-01	4.369139e+00	1.857581e+00
3.960000e+00	4.204899e+00	4.102190e+00	2.619000e+00	0.000000e+00	2.220446e-16	1.110223e-16	4.917700e-01	4.594101e+00	1.761017e+00
3.970000e+00	4.192590e+00	4.081333e+00	2.612652e+00	0.000000e+00	-2.220446e-16	-1.110223e-16	1.876355e-01	4.795447e+00	1.657373e+00
3.980000e+00	4.177179e+00	4.055263e+00	2.604698e+00	4.440892e-16	-1.110223e-16	-1.110223e-16	-9.497053e-02	4.970842e+00	1.548205e+00
3.990000e+00	4.158757e+00	4.024164e+00	2.595179e+00	-4.440892e-16	2.220446e-16	-2.220446e-16	-3.536743e-01	5.118165e+00	1.435245e+00
4.000000e+00	4.137427e+00	3.988249e+00	2.584146e+00	4.440892e-16	0.000000e+00	-4.440892e-16	-5.862670e-01	5.235532e+00	1.320349e+00
4.010000e+00	4.113311e+00	3.947762e+00	2.571652e+00	4.440892e-16	0.000000e+00	-1.110223e-16	-7.907244e-01	5.321315e+00	1.205442e+00
4.020000e+00	4.086538e+00	3.902965e+00	2.557760e+00	4.440892e-16	0.000000e+00	8.881784e-16	-9.652270e-01	5.374158e+00	1.092454e+00
4.030000e+00	4.057248e+00	3.854141e+00	2.542533e+00	0.000000e+00	3.330669e-16	-6.661338e-16	-1.108178e+00	5.392990e+00	9.832528e-01
4.040000e+00	4.025585e+00	3.801587e+00	2.526040e+00	0.000000e+00	0.000000e+00	3.330669e-16	-1.218222e+00	5.377045e+00	8.795730e-01
4.050000e+00	3.991699e+00	3.745609e+00	2.508351e+00	0.000000e+00	-1.110223e-16	5.551115e-16	-1.294260e+00	5.325864e+00	7.829521e-01
4.060000e+00	3.955744e+00	3.686517e+00	2.489534e+00	0.000000e+00	4.440892e-16	3.330669e-16	-1.335465e+00	5.239307e+00	6.946676e-01
4.070000e+00	3.917872e+00	3.624624e+00	2.469663e+00	0.000000e+00	2.220446e-16	-1.110223e-16	-1.341293e+00	5.117558e+00	6.156860e-01
4.080000e+00	3.878232e+00	3.560238e+00	2.448805e+00	4.440892e-16	1.110223e-16	-1.110223e-16	-1.311498e+00	4.961124e+00	5.466245e-01
4.090000e+00	3.836974e+00	3.493664e+00	2.427030e+00	-4.440892e-16	-2.220446e-16	3.330669e-16	-1.246133e+00	4.770839e+00	4.877282e-01
4.100000e+00	3.794238e+00	3.425196e+00	2.404402e+00	0.000000e+00	0.000000e+00	2.220446e-16	-1.145564e+00	4.547853e+00	4.388646e-01
4.110000e+00	3.750163e+00	3.355116e+00	2.380985e+00	-4.440892e-16	0.000000e+00	-6.661338e-16	-1.010464e+00	4.293629e+00	3.995360e-01
4.120000e+00	3.704876e+00	3.283693e+00	2.356838e+00	-4.440892e-16	2.220446e-16	2.220446e-16	-8.418181e-01	4.009930e+00	3.689079e-01
4.130000e+00	3.658499e+00	3.211181e+00	2.332015e+00	0.000000e+00	-2.220446e-16	5.551115e-16	-6.409164e-01	3.698801e+00	3.458515e-01
4.140000e+00	3.611144e+00	3.137816e+00	2.306568e+00	0.000000e+00	0.000000e+00	5.551115e-17	-4.093470e-01	3.362558e+00	3.289970e-01
4.150000e+00	3.562915e+00	3.063818e+00	2.280544e+00	4.440892e-16	0.000000e+00	-4.440892e-16	-1.489846e-01	3.003759e+00	3.167945e-01
4.160000e+00	3.513905e+00	2.989388e+00	2.253985e+00	0.000000e+00	1.110223e-16	-4.440892e-16	1.380245e-01	2.625185e+00	3.075773e-01
4.170000e+00	3.464200e+00	2.914709e+00	2.226929e+00	-4.440892e-16	2.220446e-16	-1.665335e-16	4.492800e-01	2.229809e+00	2.996259e-01
4.180000e+00	3.413876e+00	2.839946e+00	2.199409e+00	0.000000e+00	0.000000e+00	-2.220446e-16	7.821496e-01	1.820768e+00	2.912284e-01
4.190000e+00	3.362998e+00	2.765247e+00	2.171455e+00	0.000000e+00	1.110223e-16	2.775558e-16	1.133793e+00	1.401330e+00	2.807362e-01
4.200000e+00	3.311624e+00	2.690742e+00	2.143090e+00	-2.220446e-16	2.220446e-16	-6.106227e-16	1.501188e+00	9.748622e-01	2.666134e-01
4.210000e+00	3.259803e+00	2.616544e+00	2.114337e+00	2.220446e-16	1.110223e-16	1.665335e-16	1.881162e+00	5.447967e-01	2.474797e-01
4.220000e+00	3.207577e+00	2.542751e+00	2.085212e+00	-2.220446e-16	-2.220446e-16	-1.110223e-16	2.270418e+00	1.145938e-01	2.221481e-01
4.230000e+00	3.154981e+00	2.469448e+00	2.055730e+00	0.000000e+00	-1.110223e-16	-5.551115e-17	2.665574e+00	-3.122916e-01	1.896579e-01
4.240000e+00	3.102040e+00	2.396705e+00	2.025899e+00	2.220446e-16	5.551115e-17	-2.220446e-16	3.063187e+00	-7.324449e-01	1.493045e-01
4.250000e+00	3.048776e+00	2.324577e+00	1.995729e+00	-2.220446e-16	5.551115e-17	-5.551115e-17	3.459796e+00	-1.142524e+00	1.006692e-01
4.260000e+00	2.995204e+00	2.253112e+00	1.965223e+00	-2.220446e-16	0.000000e+00	-4.163336e-16	3.851947e+00	-1.539294e+00	4.364924e-02
4.270000e+00	2.941333e+00	2.182346e+00	1.934383e+00	0.000000e+00	-5.551115e-17	-1.110223e-16	4.236230e+00	-1.919652e+00	-2.150860e-02
4.280000e+00	2.887170e+00	2.112302e+00	1.903211e+00	-2.220446e-16	-5.551115e-17	-3.330669e-16	4.609307e+00	-2.280658e+00	-9.417014e-02
4.290000e+00	2.832714e+00	2.043001e+00	1.871704e+00	0.000000e+00	-5.551115e-17	1.110223e-16	4.967946e+00	-2.619560e+00	-1.732707e-01
4.300000e+00	2.777964e+00	1.974450e+00	1.839859e+00	0.000000e+00	0.000000e+00	0.000000e+00	5.309044e+00	-2.933813e+00	-2.572665e-01
4.310000e+00	2.722914e+00	1.906655e+00	1.807670e+00	2.220446e-16	-5.551115e-17	-3.330669e-16	5.629657e+00	-3.221098e+00	-3.440817e-01
4.320000e+00	2.667554e+00	1.839612e+00	1.775133e+00	-2.220446e-16	-8.326673e-17	-5.551115e-17	5.927018e+00	-3.479335e+00	-4.310536e-01
4.330000e+00	2.611876e+00	1.773315e+00	1.742239e+00	0.000000e+00	-2.775558e-17	-5.551115e-17	6.198560e+00	-3.706698e+00	-5.148803e-01
4.340000e+00	2.555866e+00	1.707752e+00	1.708980e+00	2.220446e-16	2.775558e-17	-2.775558e-16	6.441930e+00	-3.901619e+00	-5.915785e-01
4.350000e+00	2.499511e+00	1.642908e+00	1.675350e+00	0.000000e+00	2.775558e-17	-1.665335e-16	6.655005e+00	-4.062790e+00	-6.564594e-01
4.360000e+00	2.442795e+00	1.578765e+00	1.641337e+00	0.000000e+00	-2.220446e-16	-1.110223e-16	6.835898e+00	-4.189168e+00	-7.041363e-01
4.370000e+00	2.385702e+00	1.515303e+00	1.606935e+00	0.000000e+00	5.551115e-17	-3.330669e-16	6.982970e+00	-4.279967e+00	-7.285777e-01
4.380000e+00	2.328217e+00	1.452501e+00	1.572132e+00	-2.220446e-16	-1.110223e-16	-2.220446e-16	7.094827e+00	-4.334654e+00	-7.232238e-01
4.390000e+00	2.270322e+00	1.390334e+00	1.536919e+00	0.000000e+00	-2.220446e-16	-1.110223e-16	7.170325e+00	-4.352939e+00	-6.811810e-01
4.400000e+00	2.212001e+00	1.328779e+00	1.501289e+00	0.000000e+00	-2.220446e-16	1.110223e-16	7.208562e+00	-4.334762e+00	-5.955093e-01
4.410000e+00	2.153237e+00	1.267810e+00	1.465230e+00	2.220446e-16	0.000000e+00	-2.220446e-16	7.208878e+00	-4.280282e+00	-4.596092e-01
4.420000e+00	2.094014e+00	1.207402e+00	1.428736e+00	0.000000e+00	-2.220446e-16	-3.330669e-16	7.170842e+00	-4.189856e+00	-2.677026e-01
4.430000e+00	2.034316e+00	1.147529e+00	1.391796e+00	2.220446e-16	0.000000e+00	-4.440892e-16	7.094246e+00	-4.064030e+00	-1.538843e-02
4.440000e+00	1.974128e+00	1.088167e+00	1.354405e+00	-2.220446e-16	1.110223e-16	-4.440892e-16	6.979091e+00	-3.903514e+00	2.997686e-01
4.450000e+00	1.913436e+00	1.029291e+00	1.316553e+00	-1.110223e-16	0.000000e+00	-1.110223e-16	6.825576e+00	-3.709171e+00	6.776748e-01
4.460000e+00	1.852226e+00	9.708772e-01	1.278235e+00	2.220446e-16	-2.220446e-16	-3.330669e-16	6.634087e+00	-3.481999e+00	1.115247e+00
4.470000e+00	1.790486e+00	9.129015e-01	1.239445e+00	-1.110223e-16	-1.110223e-16	-3.330669e-16	6.405186e+00	-3.223119e+00	1.606139e+00
4.480000e+00	1.728205e+00	8.553420e-01	1.200176e+00	1.110223e-16	1.110223e-16	-2.220446e-16	6.139599e+00	-2.933764e+00	2.140721e+00
4.490000e+00	1.665372e+00	7.981771e-01	1.160425e+00	-1.110223e-16	0.000000e+00	-4.440892e-16	5.838214e+00	-2.615270e+00	2.706375e+00
4.500000e+00	1.601978e+00	7.413867e-01	1.120187e+00	0.000000e+00	-1.110223e-16	-4.440892e-16	5.502075e+00	-2.269076e+00	3.288109e+00
4.510000e+00	1.538017e+00	6.849516e-01	1.079460e+00	0.000000e+00	1.110223e-16	-2.220446e-16	5.132385e+00	-1.896730e+00	3.869440e+00
4.520000e+00	1.473480e+00	6.288540e-01	1.038242e+00	0.000000e+00	5.551115e-17	-3.330669e-16	4.730511e+00	-1.499893e+00	4.433480e+00
4.530000e+00	1.408365e+00	5.730772e-01	9.965303e-01	-1.110223e-16	0.000000e+00	-1.110223e-16	4.298003e+00	-1.080364e+00	4.964076e+00
4.540000e+00	1.342666e+00	5.176059e-01	9.543253e-01	0.000000e+00	5.551115e-17	-2.220446e-16	3.836608e+00	-6.400964e-01	5.446893e+00
4.550000e+00	1.276382e+00	4.624262e-01	9.116274e-01	0.000000e+00	-5.551115e-17	-2.220446e-16	3.348306e+00	-1.812381e-01	5.870291e+00
4.560000e+00	1.209513e+00	4.075254e-01	8.684379e-01	-1.110223e-16	-2.775558e-17	0.000000e+00	2.835336e+00	2.938350e-01	6.225922e+00
4.570000e+00	1.142058e+00	3.528923e-01	8.247592e-01	0.000000e+00	-6.938894e-18	-3.330669e-16	2.300243e+00	7.824729e-01	6.509001e+00
4.580000e+00	1.074020e+00	2.985169e-01	7.805943e-01	-5.551115e-17	-2.775558e-17	-3.330669e-16	1.745917e+00	1.281705e+00	6.718250e+00
4.590000e+00	1.005404e+00	2.443904e-01	7.359476e-01	-5.551115e-17	1.110223e-16	-3.330669e-16	1.175642e+00	1.788193e+00	6.855588e+00
4.600000e+00	9.362139e-01	1.905057e-01	6.908240e-01	-5.551115e-17	1.665335e-16	-2.220446e-16	5.931342e-01	2.298193e+00	6.925612e+00
4.610000e+00	8.664566e-01	1.368567e-01	6.452297e-01	0.000000e+00	0.000000e+00	-1.110223e-16	2.571558e-03	2.807523e+00	6.934983e+00
4.620000e+00	7.961404e-01	8.343859e-02	5.991717e-01	0.000000e+00	1.110223e-16	-2.220446e-16	-5.913872e-01	3.311553e+00	6.891780e+00
4.630000e+00	7.252750e-01	3.024783e-02	5.526578e-01	0.000000e+00	2.220446e-16	-1.110223e-16	-1.183612e+00	3.805222e+00	6.804895e+00
4.640000e+00	6.538714e-01	-2.271790e-02	5.056969e-01	-2.775558e-17	4.440892e-16	-3.330669e-16	-1.768540e+00	4.283080e+00	6.683503e+00
4.650000e+00	5.819422e-01	-7.545978e-02	4.582989e-01	8.326673e-17	2.220446e-16	-2.220446e-16	-2.340246e+00	4.739375e+00	6.536634e+00
4.660000e+00	5.095013e-01	-1.279778e-01	4.104745e-01	-5.551115e-17	-2.220446e-16	-1.110223e-16	-2.892561e+00	5.168177e+00	6.372851e+00
4.670000e+00	4.365640e-01	-1.802710e-01	3.622353e-01	-1.387779e-17	0.000000e+00	-1.110223e-16	-3.419220e+00	5.563545e+00	6.200016e+00
4.680000e+00	3.631472e-01	-2.323373e-01	3.135938e-01	-1.387779e-17	4.440892e-16	-2.220446e-16	-3.914057e+00	5.919721e+00	6.025136e+00
4.690000e+00	2.892688e-01	-2.841734e-01	2.645635e-01	2.428613e-17	0.000000e+00	-3.330669e-16	-4.371219e+00	6.231362e+00	5.854271e+00
4.700000e+00	2.149484e-01	-3.357754e-01	2.151587e-01	-3.816392e-17	-2.220446e-16	-1.665335e-16	-4.785399e+00	6.493764e+00	5.692475e+00
4.710000e+00	1.402068e-01	-3.871382e-01	1.653946e-01	-1.387779e-17	2.220446e-16	-2.775558e-16	-5.152058e+00	6.703086e+00	5.543770e+00
4.720000e+00	6.506580e-02	-4.382559e-01	1.152874e-01	1.387779e-17	0.000000e+00	-1.110223e-16	-5.467628e+00	6.856540e+00	5.411131e+00
4.730000e+00	-1.045113e-02	-4.891218e-01	6.485371e-02	2.775558e-17	-4.440892e-16	-1.665335e-16	-5.729666e+00	6.952531e+00	5.296483e+00
4.740000e+00	-8.631953e-02	-5.397284e-01	1.411142e-02	0.000000e+00	2.220446e-16	-5.551115e-17	-5.936957e+00	6.990730e+00	5.200703e+00
4.750000e+00	-1.625137e-01	-5.900675e-01	-3.692099e-02	-5.551115e-17	-2.220446e-16	-5.551115e-17	-6.089532e+00	6.972074e+00	5.123630e+00
4.760000e+00	-2.390068e-01	-6.401300e-01	-8.822425e-02	0.000000e+00	2.220446e-16	-5.551115e-17	-6.188636e+00	6.898695e+00	5.064078e+00
4.770000e+00	-3.157708e-01	-6.899063e-01	-1.397783e-01	1.110223e-16	-2.220446e-16	0.000000e+00	-6.236606e+00	6.773780e+00	5.019862e+00
4.780000e+00	-3.927767e-01	-7.393863e-01	-1.915623e-01	5.551115e-17	0.000000e+00	-1.665335e-16	-6.236714e+00	6.601380e+00	4.987830e+00
4.790000e+00	-4.699943e-01	-7.885590e-01	-2.435547e-01	-5.551115e-17	-2.220446e-16	3.330669e-16	-6.192966e+00	6.386187e+00	4.963909e+00
4.800000e+00	-5.473926e-01	-8.374133e-01	-2.957334e-01	0.000000e+00	2.220446e-16	-1.665335e-16	-6.109878e+00	6.133297e+00	4.943168e+00
4.810000e+00	-6.249394e-01	-8.859372e-01	-3.480754e-01	5.551115e-17	4.440892e-16	-2.775558e-16	-5.992260e+00	5.847985e+00	4.919898e+00
4.820000e+00	-7.026018e-01	-9.341186e-01	-4.005572e-01	0.000000e+00	-2.220446e-16	0.000000e+00	-5.845017e+00	5.535492e+00	4.887712e+00
4.830000e+00	-7.803457e-01	-9.819449e-01	-4.531546e-01	1.110223e-16	2.220446e-16	-2.775558e-16	-5.672969e+00	5.200862e+00	4.839687e+00
4.840000e+00	-8.581365e-01	-1.029403e+00	-5.058429e-01	1.110223e-16	-2.220446e-16	0.000000e+00	-5.480716e+00	4.848802e+00	4.768532e+00
4.850000e+00	-9.359387e-01	-1.076480e+00	-5.585966e-01	-1.110223e-16	-1.665335e-16	-1.665335e-16	-5.272534e+00	4.483595e+00	4.666801e+00
4.860000e+00	-1.013716e+00	-1.123161e+00	-6.113900e-01	-1.110223e-16	-5.551115e-17	-1.110223e-16	-5.052309e+00	4.109046e+00	4.527158e+00
4.870000e+00	-1.091431e+00	-1.169434e+00	-6.641967e-01	1.110223e-16	-2.220446e-16	-2.775558e-17	-4.823508e+00	3.728460e+00	4.342680e+00
4.880000e+00	-1.169046e+00	-1.215285e+00	-7.169897e-01	0.000000e+00	-2.775558e-17	-3.885781e-16	-4.589164e+00	3.344658e+00	4.107209e+00
4.890000e+00	-1.246523e+00	-1.260698e+00	-7.697417e-01	0.000000e+00	-1.110223e-16	1.665335e-16	-4.351898e+00	2.959997e+00	3.815718e+00
4.900000e+00	-1.323824e+00	-1.305661e+00	-8.224250e-01	0.000000e+00	1.110223e-16	-2.775558e-17	-4.113942e+00	2.576417e+00	3.464693e+00
4.910000e+00	-1.400908e+00	-1.350158e+00	-8.750114e-01	0.000000e+00	1.110223e-16	-8.326673e-17	-3.877179e+00	2.195488e+00	3.052481e+00
4.920000e+00	-1.477735e+00	-1.394176e+00	-9.274724e-01	1.110223e-16	0.000000e+00	1.387779e-16	-3.643181e+00	1.818467e+00	2.579579e+00
4.930000e+00	-1.554266e+00	-1.437700e+00	-9.797791e-01	1.110223e-16	-1.110223e-16	2.220446e-16	-3.413258e+00	1.446344e+00	2.048825e+00
4.940000e+00	-1.630460e+00	-1.480716e+00	-1.031902e+00	0.000000e+00	-1.110223e-16	-1.110223e-16	-3.188495e+00	1.079899e+00	1.465457e+00
4.950000e+00	-1.706275e+00	-1.523209e+00	-1.083813e+00	2.220446e-16	1.110223e-16	1.942890e-16	-2.969787e+00	7.197398e-01	8.370111e-01
4.960000e+00	-1.781671e+00	-1.565166e+00	-1.135481e+00	-2.220446e-16	-3.330669e-16	-8.326673e-17	-2.757879e+00	3.663462e-01	1.730538e-01
4.970000e+00	-1.856605e+00	-1.606572e+00	-1.186876e+00	2.220446e-16	-4.440892e-16	8.326673e-17	-2.553389e+00	2.009984e-02	-5.152427e-01
4.980000e+00	-1.931036e+00	-1.647414e+00	-1.237969e+00	-2.220446e-16	-4.440892e-16	-5.273559e-16	-2.356833e+00	-3.186878e-01	-1.215660e+00
4.990000e+00	-2.004922e+00	-1.687678e+00	-1.288730e+00	0.000000e+00	0.000000e+00	1.110223e-16	-2.168643e+00	-6.497541e-01	-1.915574e+00
5.000000e+00	-2.078221e+00	-1.727350e+00	-1.339128e+00	0.000000e+00	2.220446e-16	5.551115e-17	-1.989178e+00	-9.728692e-01	-2.602627e+00


