"DMS_Project"

"Time      "	".A1.Translational_Acceleration.X"	".D1.Translational_Acceleration.X"	".M1.Translational_Acceleration.X"	".O1.Translational_Acceleration.X"	".H7.Translational_Acceleration.X"	".N5.Translational_Acceleration.X"	".C2.Translational_Acceleration.X"	".G2.Translational_Acceleration.X"	".K3.Translational_Acceleration.X"
0.000000e+00	-1.878681e+00	-1.146681e+00	-1.272362e+00	0.000000e+00	0.000000e+00	2.220446e-16	-2.615017e+00	2.210154e+00	-3.938858e+00
1.000000e-02	-1.851419e+00	-1.149290e+00	-1.251030e+00	-2.220446e-16	1.110223e-16	-5.551115e-17	-2.119047e+00	1.792756e+00	-3.687215e+00
2.000000e-02	-1.822215e+00	-1.150641e+00	-1.228394e+00	1.110223e-16	2.220446e-16	1.665335e-16	-1.614131e+00	1.357308e+00	-3.425558e+00
3.000000e-02	-1.791042e+00	-1.150713e+00	-1.204436e+00	-1.110223e-16	1.110223e-16	1.110223e-16	-1.102474e+00	9.057890e-01	-3.161580e+00
4.000000e-02	-1.757868e+00	-1.149481e+00	-1.179135e+00	0.000000e+00	0.000000e+00	1.110223e-16	-5.863813e-01	4.403344e-01	-2.901257e+00
5.000000e-02	-1.722665e+00	-1.146925e+00	-1.152472e+00	0.000000e+00	1.110223e-16	3.330669e-16	-6.823046e-02	-3.677617e-02	-2.648913e+00
6.000000e-02	-1.685401e+00	-1.143020e+00	-1.124427e+00	0.000000e+00	0.000000e+00	2.775558e-16	4.495504e-01	-5.231377e-01	-2.407385e+00
7.000000e-02	-1.646044e+00	-1.137745e+00	-1.094979e+00	0.000000e+00	1.110223e-16	2.775558e-16	9.645113e-01	-1.016240e+00	-2.178264e+00
8.000000e-02	-1.604561e+00	-1.131076e+00	-1.064105e+00	1.110223e-16	0.000000e+00	1.665335e-16	1.474208e+00	-1.513490e+00	-1.962150e+00
9.000000e-02	-1.560919e+00	-1.122989e+00	-1.031784e+00	0.000000e+00	0.000000e+00	1.110223e-16	1.976228e+00	-2.012236e+00	-1.758900e+00
1.000000e-01	-1.515081e+00	-1.113461e+00	-9.979905e-01	0.000000e+00	0.000000e+00	5.551115e-17	2.468223e+00	-2.509791e+00	-1.567850e+00
1.100000e-01	-1.467013e+00	-1.102468e+00	-9.627016e-01	0.000000e+00	0.000000e+00	1.665335e-16	2.947931e+00	-3.003461e+00	-1.388015e+00
1.200000e-01	-1.416674e+00	-1.089984e+00	-9.258913e-01	0.000000e+00	0.000000e+00	5.551115e-17	3.413208e+00	-3.490570e+00	-1.218236e+00
1.300000e-01	-1.364027e+00	-1.075986e+00	-8.875330e-01	0.000000e+00	0.000000e+00	0.000000e+00	3.862048e+00	-3.968489e+00	-1.057306e+00
1.400000e-01	-1.309030e+00	-1.060446e+00	-8.475990e-01	-2.220446e-16	-1.110223e-16	8.326673e-17	4.292609e+00	-4.434659e+00	-9.040578e-01
1.500000e-01	-1.251640e+00	-1.043339e+00	-8.060604e-01	0.000000e+00	0.000000e+00	2.498002e-16	4.703233e+00	-4.886617e+00	-7.574339e-01
1.600000e-01	-1.191813e+00	-1.024637e+00	-7.628870e-01	0.000000e+00	0.000000e+00	-2.775558e-17	5.092462e+00	-5.322023e+00	-6.165273e-01
1.700000e-01	-1.129501e+00	-1.004312e+00	-7.180473e-01	-1.110223e-16	5.551115e-17	2.498002e-16	5.459057e+00	-5.738678e+00	-4.806112e-01
1.800000e-01	-1.064658e+00	-9.823361e-01	-6.715084e-01	-1.110223e-16	1.665335e-16	5.551115e-17	5.801999e+00	-6.134547e+00	-3.491535e-01
1.900000e-01	-9.972325e-01	-9.586798e-01	-6.232363e-01	-1.110223e-16	-1.110223e-16	1.249001e-16	6.120509e+00	-6.507774e+00	-2.218213e-01
2.000000e-01	-9.271728e-01	-9.333129e-01	-5.731954e-01	-1.110223e-16	-5.551115e-17	6.938894e-17	6.414038e+00	-6.856700e+00	-9.847658e-02
2.100000e-01	-8.544248e-01	-9.062045e-01	-5.213488e-01	0.000000e+00	-5.551115e-17	-9.714451e-17	6.682276e+00	-7.179871e+00	2.083556e-02
2.200000e-01	-7.789328e-01	-8.773229e-01	-4.676586e-01	0.000000e+00	8.326673e-17	1.734723e-16	6.925141e+00	-7.476049e+00	1.359049e-01
2.300000e-01	-7.006393e-01	-8.466359e-01	-4.120851e-01	0.000000e+00	2.775558e-17	3.330669e-16	7.142772e+00	-7.744213e+00	2.463805e-01
2.400000e-01	-6.194850e-01	-8.141104e-01	-3.545879e-01	0.000000e+00	0.000000e+00	2.775558e-17	7.335517e+00	-7.983566e+00	3.518001e-01
2.500000e-01	-5.354092e-01	-7.797128e-01	-2.951253e-01	0.000000e+00	-5.551115e-17	-1.110223e-16	7.503918e+00	-8.193529e+00	4.516246e-01
2.600000e-01	-4.483497e-01	-7.434090e-01	-2.336547e-01	0.000000e+00	-2.775558e-17	-1.110223e-16	7.648688e+00	-8.373734e+00	5.452765e-01
2.700000e-01	-3.582435e-01	-7.051646e-01	-1.701327e-01	1.110223e-16	-1.665335e-16	1.942890e-16	7.770696e+00	-8.524023e+00	6.321811e-01
2.800000e-01	-2.650266e-01	-6.649448e-01	-1.045154e-01	0.000000e+00	-1.110223e-16	-1.110223e-16	7.870941e+00	-8.644429e+00	7.118086e-01
2.900000e-01	-1.686346e-01	-6.227151e-01	-3.675846e-02	0.000000e+00	-1.665335e-16	1.110223e-16	7.950528e+00	-8.735169e+00	7.837156e-01
3.000000e-01	-6.900322e-02	-5.784408e-01	3.318242e-02	0.000000e+00	-5.551115e-17	-3.885781e-16	8.010644e+00	-8.796625e+00	8.475833e-01
3.100000e-01	3.393142e-02	-5.320882e-01	1.053512e-01	0.000000e+00	-2.775558e-17	-1.110223e-16	8.052533e+00	-8.829329e+00	9.032506e-01
3.200000e-01	1.402320e-01	-4.836238e-01	1.797910e-01	2.775558e-17	-1.387779e-16	5.551115e-17	8.077473e+00	-8.833945e+00	9.507390e-01
3.300000e-01	2.499594e-01	-4.330158e-01	2.565440e-01	-4.857226e-17	0.000000e+00	-2.775558e-16	8.086753e+00	-8.811253e+00	9.902688e-01
3.400000e-01	3.631717e-01	-3.802338e-01	3.356502e-01	-3.122502e-17	5.551115e-17	-1.665335e-16	8.081651e+00	-8.762129e+00	1.022264e+00
3.500000e-01	4.799239e-01	-3.252494e-01	4.171476e-01	-4.163336e-17	-5.551115e-17	0.000000e+00	8.063415e+00	-8.687524e+00	1.047345e+00
3.600000e-01	6.002658e-01	-2.680371e-01	5.010707e-01	0.000000e+00	-1.110223e-16	0.000000e+00	8.033244e+00	-8.588455e+00	1.066314e+00
3.700000e-01	7.242420e-01	-2.085745e-01	5.874503e-01	-2.775558e-17	-1.110223e-16	-1.110223e-16	7.992280e+00	-8.465980e+00	1.080125e+00
3.800000e-01	8.518897e-01	-1.468433e-01	6.763124e-01	-5.551115e-17	0.000000e+00	-1.110223e-16	7.941589e+00	-8.321191e+00	1.089851e+00
3.900000e-01	9.832377e-01	-8.282995e-02	7.676771e-01	-5.551115e-17	5.551115e-17	-2.220446e-16	7.882156e+00	-8.155196e+00	1.096640e+00
4.000000e-01	1.118305e+00	-1.652663e-02	8.615575e-01	-5.551115e-17	-5.551115e-17	-4.440892e-16	7.814876e+00	-7.969108e+00	1.101676e+00
4.100000e-01	1.257097e+00	5.206788e-02	9.579585e-01	1.110223e-16	5.551115e-17	-1.110223e-16	7.740553e+00	-7.764038e+00	1.106135e+00
4.200000e-01	1.399608e+00	1.229471e-01	1.056876e+00	-2.220446e-16	-1.665335e-16	-2.220446e-16	7.659895e+00	-7.541081e+00	1.111140e+00
4.300000e-01	1.545815e+00	1.960958e-01	1.158294e+00	0.000000e+00	-8.326673e-17	-2.220446e-16	7.573516e+00	-7.301318e+00	1.117728e+00
4.400000e-01	1.695675e+00	2.714884e-01	1.262184e+00	1.110223e-16	0.000000e+00	-4.440892e-16	7.481936e+00	-7.045802e+00	1.126820e+00
4.500000e-01	1.849128e+00	3.490884e-01	1.368506e+00	-2.220446e-16	2.775558e-17	-3.330669e-16	7.385586e+00	-6.775562e+00	1.139198e+00
4.600000e-01	2.006088e+00	4.288461e-01	1.477199e+00	-1.110223e-16	0.000000e+00	0.000000e+00	7.284807e+00	-6.491596e+00	1.155489e+00
4.700000e-01	2.166443e+00	5.106977e-01	1.588190e+00	0.000000e+00	-1.110223e-16	0.000000e+00	7.179861e+00	-6.194870e+00	1.176160e+00
4.800000e-01	2.330055e+00	5.945637e-01	1.701382e+00	-4.440892e-16	0.000000e+00	-6.661338e-16	7.070930e+00	-5.886320e+00	1.201521e+00
4.900000e-01	2.496752e+00	6.803472e-01	1.816658e+00	0.000000e+00	-1.387779e-17	-4.440892e-16	6.958121e+00	-5.566849e+00	1.231731e+00
5.000000e-01	2.666328e+00	7.679325e-01	1.933878e+00	0.000000e+00	8.326673e-17	-4.440892e-16	6.841474e+00	-5.237332e+00	1.266819e+00
5.100000e-01	2.838540e+00	8.571834e-01	2.052875e+00	-2.220446e-16	-1.387779e-17	-2.220446e-16	6.720962e+00	-4.898612e+00	1.306703e+00
5.200000e-01	3.013106e+00	9.479417e-01	2.173454e+00	-2.220446e-16	-1.387779e-17	-6.661338e-16	6.596495e+00	-4.551504e+00	1.351223e+00
5.300000e-01	3.189699e+00	1.040026e+00	2.295394e+00	0.000000e+00	0.000000e+00	0.000000e+00	6.467925e+00	-4.196796e+00	1.400178e+00
5.400000e-01	3.367949e+00	1.133229e+00	2.418440e+00	0.000000e+00	0.000000e+00	2.220446e-16	6.335045e+00	-3.835251e+00	1.453366e+00
5.500000e-01	3.547438e+00	1.227321e+00	2.542306e+00	2.220446e-16	1.387779e-17	0.000000e+00	6.197591e+00	-3.467605e+00	1.510634e+00
5.600000e-01	3.727700e+00	1.322041e+00	2.666671e+00	0.000000e+00	-1.387779e-17	-2.220446e-16	6.055244e+00	-3.094571e+00	1.571928e+00
5.700000e-01	3.908218e+00	1.417104e+00	2.791182e+00	-4.440892e-16	-2.775558e-17	-4.440892e-16	5.907633e+00	-2.716839e+00	1.637359e+00
5.800000e-01	4.088425e+00	1.512196e+00	2.915449e+00	2.220446e-16	2.775558e-17	-4.440892e-16	5.754329e+00	-2.335075e+00	1.707254e+00
5.900000e-01	4.267705e+00	1.606977e+00	3.039051e+00	-8.881784e-16	0.000000e+00	-6.661338e-16	5.594852e+00	-1.949923e+00	1.782231e+00
6.000000e-01	4.445392e+00	1.701078e+00	3.161531e+00	8.881784e-16	-2.775558e-17	-8.881784e-16	5.428671e+00	-1.562005e+00	1.863252e+00
6.100000e-01	4.620775e+00	1.794108e+00	3.282400e+00	-4.440892e-16	-1.387779e-17	-4.440892e-16	5.255202e+00	-1.171921e+00	1.951682e+00
6.200000e-01	4.793098e+00	1.885649e+00	3.401141e+00	-4.440892e-16	-1.387779e-17	-4.440892e-16	5.073815e+00	-7.802496e-01	2.049335e+00
6.300000e-01	4.961568e+00	1.975264e+00	3.517208e+00	4.440892e-16	7.632783e-17	-2.220446e-16	4.883838e+00	-3.875479e-01	2.158497e+00
6.400000e-01	5.125357e+00	2.062496e+00	3.630035e+00	0.000000e+00	-6.245005e-17	-4.440892e-16	4.684559e+00	5.646076e-03	2.281923e+00
6.500000e-01	5.283611e+00	2.146876e+00	3.739034e+00	0.000000e+00	6.938894e-18	-4.440892e-16	4.475240e+00	3.988124e-01	2.422800e+00
6.600000e-01	5.435459e+00	2.227923e+00	3.843609e+00	-4.440892e-16	-1.387779e-17	-4.440892e-16	4.255121e+00	7.914469e-01	2.584659e+00
6.700000e-01	5.580019e+00	2.305152e+00	3.943154e+00	-4.440892e-16	0.000000e+00	4.440892e-16	4.023440e+00	1.183058e+00	2.771239e+00
6.800000e-01	5.716412e+00	2.378079e+00	4.037067e+00	4.440892e-16	1.387779e-17	0.000000e+00	3.779443e+00	1.573160e+00	2.986291e+00
6.900000e-01	5.843771e+00	2.446226e+00	4.124750e+00	0.000000e+00	-5.551115e-17	0.000000e+00	3.522409e+00	1.961271e+00	3.233336e+00
7.000000e-01	5.961252e+00	2.509130e+00	4.205628e+00	-4.440892e-16	-8.326673e-17	-4.440892e-16	3.251669e+00	2.346899e+00	3.515366e+00
7.100000e-01	6.068048e+00	2.566346e+00	4.279144e+00	-4.440892e-16	-5.551115e-17	-8.881784e-16	2.966636e+00	2.729536e+00	3.834530e+00
7.200000e-01	6.163404e+00	2.617459e+00	4.344781e+00	4.440892e-16	-1.110223e-16	-8.881784e-16	2.666835e+00	3.108644e+00	4.191816e+00
7.300000e-01	6.246622e+00	2.662086e+00	4.402061e+00	4.440892e-16	-5.551115e-17	-8.881784e-16	2.351939e+00	3.483638e+00	4.586768e+00
7.400000e-01	6.317080e+00	2.699884e+00	4.450556e+00	-8.881784e-16	-5.551115e-17	-8.881784e-16	2.021807e+00	3.853870e+00	5.017263e+00
7.500000e-01	6.374241e+00	2.730557e+00	4.489896e+00	4.440892e-16	-2.220446e-16	-4.440892e-16	1.676527e+00	4.218606e+00	5.479395e+00
7.600000e-01	6.417658e+00	2.753861e+00	4.519778e+00	4.440892e-16	-1.110223e-16	-1.332268e-15	1.316459e+00	4.577009e+00	5.967486e+00
7.700000e-01	6.446991e+00	2.769608e+00	4.539965e+00	-4.440892e-16	-2.220446e-16	-1.332268e-15	9.422852e-01	4.928107e+00	6.474225e+00
7.800000e-01	6.462005e+00	2.777669e+00	4.550298e+00	-4.440892e-16	-2.220446e-16	-8.881784e-16	5.550516e-01	5.270771e+00	6.990948e+00
7.900000e-01	6.462581e+00	2.777978e+00	4.550694e+00	4.440892e-16	-2.220446e-16	-8.881784e-16	1.562151e-01	5.603696e+00	7.508028e+00
8.000000e-01	6.448713e+00	2.770533e+00	4.541151e+00	4.440892e-16	0.000000e+00	-1.776357e-15	-2.523199e-01	5.925372e+00	8.015338e+00
8.100000e-01	6.420514e+00	2.755394e+00	4.521743e+00	-4.440892e-16	0.000000e+00	-8.881784e-16	-6.681714e-01	6.234072e+00	8.502754e+00
8.200000e-01	6.378207e+00	2.732686e+00	4.492626e+00	0.000000e+00	-6.661338e-16	-8.881784e-16	-1.088464e+00	6.527848e+00	8.960637e+00
8.300000e-01	6.322126e+00	2.702591e+00	4.454029e+00	0.000000e+00	-4.440892e-16	-1.332268e-15	-1.509832e+00	6.804529e+00	9.380254e+00
8.400000e-01	6.252708e+00	2.665351e+00	4.406250e+00	0.000000e+00	0.000000e+00	0.000000e+00	-1.928442e+00	7.061747e+00	9.754118e+00
8.500000e-01	6.170484e+00	2.621256e+00	4.349655e+00	0.000000e+00	-8.881784e-16	-8.881784e-16	-2.340046e+00	7.296969e+00	1.007620e+01
8.600000e-01	6.076071e+00	2.570645e+00	4.284667e+00	4.440892e-16	0.000000e+00	-8.881784e-16	-2.740064e+00	7.507556e+00	1.034204e+01
8.700000e-01	5.970158e+00	2.513900e+00	4.211759e+00	0.000000e+00	-4.440892e-16	0.000000e+00	-3.123698e+00	7.690841e+00	1.054871e+01
8.800000e-01	5.853499e+00	2.451433e+00	4.131448e+00	-4.440892e-16	-4.440892e-16	-4.440892e-16	-3.486074e+00	7.844225e+00	1.069473e+01
8.900000e-01	5.726897e+00	2.383687e+00	4.044285e+00	8.881784e-16	0.000000e+00	0.000000e+00	-3.822412e+00	7.965283e+00	1.077985e+01
9.000000e-01	5.591191e+00	2.311123e+00	3.950847e+00	0.000000e+00	0.000000e+00	-4.440892e-16	-4.128213e+00	8.051892e+00	1.080484e+01
9.100000e-01	5.447249e+00	2.234219e+00	3.851728e+00	0.000000e+00	0.000000e+00	-4.440892e-16	-4.399447e+00	8.102344e+00	1.077120e+01
9.200000e-01	5.295950e+00	2.153459e+00	3.747532e+00	0.000000e+00	0.000000e+00	4.440892e-16	-4.632735e+00	8.115457e+00	1.068093e+01
9.300000e-01	5.138173e+00	2.069327e+00	3.638863e+00	0.000000e+00	0.000000e+00	-4.440892e-16	-4.825503e+00	8.090665e+00	1.053628e+01
9.400000e-01	4.974794e+00	1.982304e+00	3.526319e+00	0.000000e+00	4.440892e-16	-6.661338e-16	-4.976101e+00	8.028078e+00	1.033953e+01
9.500000e-01	4.806666e+00	1.892862e+00	3.410489e+00	0.000000e+00	0.000000e+00	-8.881784e-16	-5.083867e+00	7.928502e+00	1.009291e+01
9.600000e-01	4.634620e+00	1.801458e+00	3.291941e+00	0.000000e+00	0.000000e+00	-1.110223e-15	-5.149133e+00	7.793419e+00	9.798406e+00
9.700000e-01	4.459452e+00	1.708531e+00	3.171222e+00	4.440892e-16	-8.881784e-16	0.000000e+00	-5.173177e+00	7.624932e+00	9.457832e+00
9.800000e-01	4.281922e+00	1.614500e+00	3.048852e+00	0.000000e+00	-8.881784e-16	-4.440892e-16	-5.158116e+00	7.425667e+00	9.072796e+00
9.900000e-01	4.102744e+00	1.519760e+00	2.925322e+00	2.220446e-16	0.000000e+00	-8.881784e-16	-5.106763e+00	7.198655e+00	8.644809e+00
1.000000e+00	3.922587e+00	1.424679e+00	2.801092e+00	6.661338e-16	-2.220446e-16	-2.220446e-16	-5.022450e+00	6.947193e+00	8.175410e+00
1.010000e+00	3.742073e+00	1.329602e+00	2.676585e+00	4.440892e-16	-2.220446e-16	0.000000e+00	-4.908841e+00	6.674704e+00	7.666334e+00
1.020000e+00	3.561771e+00	1.234844e+00	2.552195e+00	-2.220446e-16	2.220446e-16	0.000000e+00	-4.769749e+00	6.384601e+00	7.119702e+00
1.030000e+00	3.382203e+00	1.140693e+00	2.428278e+00	-2.220446e-16	-2.220446e-16	-2.220446e-16	-4.608964e+00	6.080169e+00	6.538210e+00
1.040000e+00	3.203838e+00	1.047410e+00	2.305156e+00	0.000000e+00	0.000000e+00	-4.440892e-16	-4.430114e+00	5.764464e+00	5.925305e+00
1.050000e+00	3.027099e+00	9.552285e-01	2.183118e+00	-2.220446e-16	-1.110223e-16	2.220446e-16	-4.236548e+00	5.440243e+00	5.285328e+00
1.060000e+00	2.852359e+00	8.643577e-01	2.062421e+00	0.000000e+00	-1.110223e-16	-6.661338e-16	-4.031262e+00	5.109914e+00	4.623603e+00
1.070000e+00	2.679949e+00	7.749807e-01	1.943291e+00	0.000000e+00	1.110223e-16	2.220446e-16	-3.816851e+00	4.775513e+00	3.946453e+00
1.080000e+00	2.510153e+00	6.872575e-01	1.825924e+00	2.220446e-16	-1.110223e-16	-2.220446e-16	-3.595493e+00	4.438701e+00	3.261133e+00
1.090000e+00	2.343219e+00	6.013260e-01	1.710487e+00	-2.220446e-16	0.000000e+00	-4.440892e-16	-3.368951e+00	4.100783e+00	2.575680e+00
1.100000e+00	2.179355e+00	5.173035e-01	1.597125e+00	-2.220446e-16	-1.665335e-16	-4.440892e-16	-3.138601e+00	3.762727e+00	1.898674e+00
1.110000e+00	2.018734e+00	4.352883e-01	1.485955e+00	-2.220446e-16	-5.551115e-17	0.000000e+00	-2.905470e+00	3.425212e+00	1.238920e+00
1.120000e+00	1.861500e+00	3.553614e-01	1.377075e+00	-1.110223e-16	-1.110223e-16	-3.330669e-16	-2.670277e+00	3.088657e+00	6.050912e-01
1.130000e+00	1.707764e+00	2.775876e-01	1.270563e+00	0.000000e+00	1.110223e-16	-1.110223e-16	-2.433485e+00	2.753273e+00	5.341169e-03
1.140000e+00	1.557615e+00	2.020176e-01	1.166477e+00	-1.110223e-16	2.220446e-16	-3.330669e-16	-2.195351e+00	2.419104e+00	-5.530668e-01
1.150000e+00	1.411116e+00	1.286892e-01	1.064861e+00	0.000000e+00	0.000000e+00	0.000000e+00	-1.955968e+00	2.086064e+00	-1.064085e+00
1.160000e+00	1.268310e+00	5.762860e-02	9.657435e-01	-1.665335e-16	0.000000e+00	-3.330669e-16	-1.715312e+00	1.753980e+00	-1.523130e+00
1.170000e+00	1.129220e+00	-1.114820e-02	8.691418e-01	-5.551115e-17	1.110223e-16	-1.110223e-16	-1.473282e+00	1.422621e+00	-1.927232e+00
1.180000e+00	9.938570e-01	-7.763402e-02	7.750607e-01	1.110223e-16	1.110223e-16	-3.330669e-16	-1.229728e+00	1.091730e+00	-2.275075e+00
1.190000e+00	8.622134e-01	-1.418295e-01	6.834961e-01	-1.665335e-16	-3.330669e-16	-4.440892e-16	-9.844847e-01	7.610499e-01	-2.566934e+00
1.200000e+00	7.342720e-01	-2.037420e-01	5.944354e-01	-8.326673e-17	-2.220446e-16	-1.110223e-16	-7.373913e-01	4.303414e-01	-2.804514e+00
1.210000e+00	6.100047e-01	-2.633847e-01	5.078589e-01	5.551115e-17	-2.220446e-16	-1.110223e-16	-4.883114e-01	9.940394e-02	-2.990722e+00
1.220000e+00	4.893749e-01	-3.207754e-01	4.237413e-01	-9.714451e-17	1.110223e-16	-1.110223e-16	-2.371467e-01	-2.319114e-01	-3.129394e+00
1.230000e+00	3.723386e-01	-3.759363e-01	3.420520e-01	-5.551115e-17	2.220446e-16	-1.110223e-16	1.615174e-02	-5.636908e-01	-3.224997e+00
1.240000e+00	2.588463e-01	-4.288927e-01	2.627567e-01	-9.714451e-17	1.110223e-16	-5.551115e-17	2.715762e-01	-8.959485e-01	-3.282353e+00
1.250000e+00	1.488435e-01	-4.796727e-01	1.858178e-01	2.775558e-17	2.220446e-16	0.000000e+00	5.290575e-01	-1.228621e+00	-3.306378e+00
1.260000e+00	4.227225e-02	-5.283066e-01	1.111952e-01	0.000000e+00	1.110223e-16	-1.665335e-16	7.884617e-01	-1.561562e+00	-3.301869e+00
1.270000e+00	-6.092814e-02	-5.748263e-01	3.884719e-02	-2.775558e-17	1.110223e-16	-1.665335e-16	1.049589e+00	-1.894538e+00	-3.273336e+00
1.280000e+00	-1.608203e-01	-6.192648e-01	-3.126949e-02	2.775558e-17	1.110223e-16	5.551115e-17	1.312176e+00	-2.227231e+00	-3.224889e+00
1.290000e+00	-2.574679e-01	-6.616561e-01	-9.919874e-02	0.000000e+00	2.220446e-16	-2.775558e-16	1.575892e+00	-2.559233e+00	-3.160164e+00
1.300000e+00	-3.509352e-01	-7.020346e-01	-1.649848e-01	5.551115e-17	0.000000e+00	-1.110223e-16	1.840346e+00	-2.890048e+00	-3.082298e+00
1.310000e+00	-4.412868e-01	-7.404351e-01	-2.286721e-01	0.000000e+00	1.110223e-16	1.665335e-16	2.105086e+00	-3.219094e+00	-2.993929e+00
1.320000e+00	-5.285866e-01	-7.768921e-01	-2.903044e-01	-5.551115e-17	1.110223e-16	1.387779e-16	2.369604e+00	-3.545704e+00	-2.897228e+00
1.330000e+00	-6.128977e-01	-8.114403e-01	-3.499253e-01	-5.551115e-17	-1.110223e-16	5.551115e-17	2.633337e+00	-3.869131e+00	-2.793946e+00
1.340000e+00	-6.942824e-01	-8.441136e-01	-4.075775e-01	-5.551115e-17	2.220446e-16	4.163336e-17	2.895668e+00	-4.188544e+00	-2.685467e+00
1.350000e+00	-7.728015e-01	-8.749458e-01	-4.633026e-01	0.000000e+00	2.220446e-16	7.632783e-17	3.155933e+00	-4.503039e+00	-2.572875e+00
1.360000e+00	-8.485145e-01	-9.039700e-01	-5.171414e-01	0.000000e+00	-1.110223e-16	1.595946e-16	3.413420e+00	-4.811639e+00	-2.457016e+00
1.370000e+00	-9.214789e-01	-9.312184e-01	-5.691334e-01	0.000000e+00	0.000000e+00	-1.526557e-16	3.667372e+00	-5.113300e+00	-2.338558e+00
1.380000e+00	-9.917507e-01	-9.567229e-01	-6.193167e-01	0.000000e+00	1.110223e-16	-1.526557e-16	3.916989e+00	-5.406913e+00	-2.218049e+00
1.390000e+00	-1.059384e+00	-9.805143e-01	-6.677283e-01	0.000000e+00	5.551115e-17	-1.387779e-17	4.161430e+00	-5.691314e+00	-2.095967e+00
1.400000e+00	-1.124431e+00	-1.002623e+00	-7.144040e-01	-1.110223e-16	1.110223e-16	-5.551115e-17	4.399813e+00	-5.965284e+00	-1.972763e+00
1.410000e+00	-1.186942e+00	-1.023078e+00	-7.593778e-01	-1.110223e-16	0.000000e+00	-5.551115e-17	4.631221e+00	-6.227563e+00	-1.848903e+00
1.420000e+00	-1.246966e+00	-1.041908e+00	-8.026827e-01	1.110223e-16	1.110223e-16	-1.665335e-16	4.854698e+00	-6.476850e+00	-1.724886e+00
1.430000e+00	-1.304548e+00	-1.059142e+00	-8.443504e-01	0.000000e+00	-5.551115e-17	1.387779e-16	5.069254e+00	-6.711818e+00	-1.601276e+00
1.440000e+00	-1.359734e+00	-1.074805e+00	-8.844111e-01	0.000000e+00	-5.551115e-17	2.220446e-16	5.273866e+00	-6.931117e+00	-1.478703e+00
1.450000e+00	-1.412567e+00	-1.088926e+00	-9.228938e-01	-1.110223e-16	0.000000e+00	-1.110223e-16	5.467481e+00	-7.133388e+00	-1.357879e+00
1.460000e+00	-1.463088e+00	-1.101529e+00	-9.598264e-01	0.000000e+00	-5.551115e-17	1.665335e-16	5.649021e+00	-7.317273e+00	-1.239586e+00
1.470000e+00	-1.511336e+00	-1.112640e+00	-9.952355e-01	0.000000e+00	0.000000e+00	1.665335e-16	5.817384e+00	-7.481428e+00	-1.124668e+00
1.480000e+00	-1.557349e+00	-1.122283e+00	-1.029147e+00	1.110223e-16	-2.775558e-17	1.665335e-16	5.971451e+00	-7.624531e+00	-1.014018e+00
1.490000e+00	-1.601165e+00	-1.130484e+00	-1.061585e+00	1.110223e-16	-1.110223e-16	3.330669e-16	6.110091e+00	-7.745302e+00	-9.085531e-01
1.500000e+00	-1.642819e+00	-1.137265e+00	-1.092573e+00	1.110223e-16	5.551115e-17	2.220446e-16	6.232172e+00	-7.842514e+00	-8.091868e-01
1.510000e+00	-1.682344e+00	-1.142651e+00	-1.122134e+00	0.000000e+00	0.000000e+00	2.775558e-16	6.336565e+00	-7.915011e+00	-7.168039e-01
1.520000e+00	-1.719774e+00	-1.146663e+00	-1.150290e+00	-1.110223e-16	1.110223e-16	1.110223e-16	6.422157e+00	-7.961719e+00	-6.322295e-01
1.530000e+00	-1.755140e+00	-1.149327e+00	-1.177062e+00	2.220446e-16	-2.775558e-17	1.665335e-16	6.487863e+00	-7.981667e+00	-5.562011e-01
1.540000e+00	-1.788474e+00	-1.150663e+00	-1.202470e+00	0.000000e+00	8.326673e-17	0.000000e+00	6.532638e+00	-7.974002e+00	-4.893436e-01
1.550000e+00	-1.819806e+00	-1.150694e+00	-1.226535e+00	-1.110223e-16	0.000000e+00	3.330669e-16	6.555490e+00	-7.938002e+00	-4.321490e-01
1.560000e+00	-1.849165e+00	-1.149444e+00	-1.249276e+00	-2.220446e-16	-2.775558e-17	5.551115e-17	6.555496e+00	-7.873098e+00	-3.849629e-01
1.570000e+00	-1.876581e+00	-1.146934e+00	-1.270711e+00	0.000000e+00	2.775558e-17	2.220446e-16	6.531819e+00	-7.778881e+00	-3.479775e-01
1.580000e+00	-1.902082e+00	-1.143188e+00	-1.290860e+00	2.220446e-16	5.551115e-17	3.330669e-16	6.483719e+00	-7.655121e+00	-3.212338e-01
1.590000e+00	-1.925697e+00	-1.138227e+00	-1.309740e+00	0.000000e+00	-5.551115e-17	-1.110223e-16	6.410577e+00	-7.501779e+00	-3.046314e-01
1.600000e+00	-1.947452e+00	-1.132075e+00	-1.327370e+00	2.220446e-16	5.551115e-17	3.330669e-16	6.311904e+00	-7.319012e+00	-2.979464e-01
1.610000e+00	-1.967378e+00	-1.124755e+00	-1.343767e+00	-2.220446e-16	1.110223e-16	0.000000e+00	6.187358e+00	-7.107188e+00	-3.008564e-01
1.620000e+00	-1.985500e+00	-1.116289e+00	-1.358950e+00	2.220446e-16	5.551115e-17	2.220446e-16	6.036758e+00	-6.866886e+00	-3.129714e-01
1.630000e+00	-2.001847e+00	-1.106703e+00	-1.372937e+00	-2.220446e-16	0.000000e+00	1.110223e-16	5.860099e+00	-6.598901e+00	-3.338695e-01
1.640000e+00	-2.016447e+00	-1.096019e+00	-1.385745e+00	0.000000e+00	1.110223e-16	1.110223e-16	5.657556e+00	-6.304246e+00	-3.631354e-01
1.650000e+00	-2.029328e+00	-1.084262e+00	-1.397392e+00	-2.220446e-16	0.000000e+00	1.110223e-16	5.429498e+00	-5.984146e+00	-4.004009e-01
1.660000e+00	-2.040520e+00	-1.071457e+00	-1.407897e+00	0.000000e+00	1.110223e-16	0.000000e+00	5.176491e+00	-5.640033e+00	-4.453851e-01
1.670000e+00	-2.050050e+00	-1.057629e+00	-1.417279e+00	0.000000e+00	0.000000e+00	2.220446e-16	4.899301e+00	-5.273539e+00	-4.979341e-01
1.680000e+00	-2.057948e+00	-1.042804e+00	-1.425555e+00	0.000000e+00	0.000000e+00	1.110223e-16	4.598895e+00	-4.886481e+00	-5.580572e-01
1.690000e+00	-2.064244e+00	-1.027009e+00	-1.432746e+00	2.220446e-16	1.110223e-16	1.110223e-16	4.276434e+00	-4.480851e+00	-6.259606e-01
1.700000e+00	-2.068970e+00	-1.010270e+00	-1.438870e+00	-2.220446e-16	0.000000e+00	1.110223e-16	3.933272e+00	-4.058794e+00	-7.020750e-01
1.710000e+00	-2.072155e+00	-9.926153e-01	-1.443948e+00	2.220446e-16	0.000000e+00	0.000000e+00	3.570942e+00	-3.622594e+00	-7.870764e-01
1.720000e+00	-2.073833e+00	-9.740726e-01	-1.448000e+00	2.220446e-16	-5.551115e-17	1.110223e-16	3.191147e+00	-3.174647e+00	-8.818977e-01
1.730000e+00	-2.074036e+00	-9.546709e-01	-1.451047e+00	0.000000e+00	0.000000e+00	1.110223e-16	2.795741e+00	-2.717444e+00	-9.877283e-01
1.740000e+00	-2.072799e+00	-9.344398e-01	-1.453111e+00	0.000000e+00	5.551115e-17	2.220446e-16	2.386718e+00	-2.253544e+00	-1.105997e+00
1.750000e+00	-2.070154e+00	-9.134095e-01	-1.454213e+00	2.220446e-16	1.665335e-16	2.220446e-16	1.966187e+00	-1.785551e+00	-1.238333e+00
1.760000e+00	-2.066139e+00	-8.916109e-01	-1.454377e+00	2.220446e-16	1.110223e-16	3.330669e-16	1.536351e+00	-1.316087e+00	-1.386502e+00
1.770000e+00	-2.060790e+00	-8.690757e-01	-1.453625e+00	0.000000e+00	-5.551115e-17	3.330669e-16	1.099489e+00	-8.477698e-01	-1.552305e+00
1.780000e+00	-2.054144e+00	-8.458362e-01	-1.451982e+00	2.220446e-16	1.665335e-16	-1.110223e-16	6.579252e-01	-3.831845e-01	-1.737434e+00
1.790000e+00	-2.046239e+00	-8.219254e-01	-1.449473e+00	0.000000e+00	0.000000e+00	2.220446e-16	2.140111e-01	7.513589e-02	-1.943289e+00
1.800000e+00	-2.037116e+00	-7.973771e-01	-1.446122e+00	-2.220446e-16	1.110223e-16	2.220446e-16	-2.299031e-01	5.247357e-01	-2.170732e+00
1.810000e+00	-2.026815e+00	-7.722257e-01	-1.441956e+00	1.110223e-16	2.220446e-16	4.440892e-16	-6.714916e-01	9.632570e-01	-2.419801e+00
1.820000e+00	-2.015377e+00	-7.465064e-01	-1.437002e+00	0.000000e+00	0.000000e+00	2.220446e-16	-1.108477e+00	1.388459e+00	-2.689383e+00
1.830000e+00	-2.002846e+00	-7.202551e-01	-1.431287e+00	1.110223e-16	-5.551115e-17	2.220446e-16	-1.538654e+00	1.798234e+00	-2.976867e+00
1.840000e+00	-1.989265e+00	-6.935082e-01	-1.424839e+00	-2.220446e-16	1.110223e-16	0.000000e+00	-1.959910e+00	2.190626e+00	-3.277824e+00
1.850000e+00	-1.974679e+00	-6.663030e-01	-1.417688e+00	0.000000e+00	-5.551115e-17	0.000000e+00	-2.370246e+00	2.563840e+00	-3.585753e+00
1.860000e+00	-1.959133e+00	-6.386773e-01	-1.409863e+00	2.220446e-16	-5.551115e-17	2.220446e-16	-2.767797e+00	2.916252e+00	-3.891966e+00
1.870000e+00	-1.942676e+00	-6.106695e-01	-1.401393e+00	-1.110223e-16	1.110223e-16	2.220446e-16	-3.150843e+00	3.246420e+00	-4.185675e+00
1.880000e+00	-1.925355e+00	-5.823186e-01	-1.392311e+00	0.000000e+00	-1.665335e-16	3.330669e-16	-3.517830e+00	3.553086e+00	-4.454338e+00
1.890000e+00	-1.907218e+00	-5.536642e-01	-1.382648e+00	0.000000e+00	2.775558e-16	1.110223e-16	-3.867379e+00	3.835177e+00	-4.684311e+00
1.900000e+00	-1.888315e+00	-5.247464e-01	-1.372436e+00	0.000000e+00	3.885781e-16	2.220446e-16	-4.198292e+00	4.091810e+00	-4.861776e+00
1.910000e+00	-1.868698e+00	-4.956057e-01	-1.361707e+00	-1.110223e-16	-1.110223e-16	2.220446e-16	-4.509566e+00	4.322286e+00	-4.973902e+00
1.920000e+00	-1.848417e+00	-4.662833e-01	-1.350496e+00	-1.110223e-16	4.996004e-16	3.330669e-16	-4.800392e+00	4.526084e+00	-5.010091e+00
1.930000e+00	-1.827525e+00	-4.368205e-01	-1.338837e+00	-1.110223e-16	-5.551115e-17	1.110223e-16	-5.070158e+00	4.702857e+00	-4.963163e+00
1.940000e+00	-1.806074e+00	-4.072592e-01	-1.326764e+00	0.000000e+00	0.000000e+00	4.440892e-16	-5.318450e+00	4.852424e+00	-4.830283e+00
1.950000e+00	-1.784120e+00	-3.776414e-01	-1.314311e+00	-2.220446e-16	-1.665335e-16	2.220446e-16	-5.545046e+00	4.974758e+00	-4.613483e+00
1.960000e+00	-1.761715e+00	-3.480096e-01	-1.301515e+00	-1.110223e-16	0.000000e+00	3.330669e-16	-5.749912e+00	5.069978e+00	-4.319670e+00
1.970000e+00	-1.738915e+00	-3.184063e-01	-1.288411e+00	-1.110223e-16	5.551115e-17	0.000000e+00	-5.933193e+00	5.138338e+00	-3.960120e+00
1.980000e+00	-1.715775e+00	-2.888743e-01	-1.275035e+00	0.000000e+00	0.000000e+00	5.551115e-16	-6.095205e+00	5.180216e+00	-3.549521e+00
1.990000e+00	-1.692351e+00	-2.594565e-01	-1.261423e+00	-1.110223e-16	1.110223e-16	4.440892e-16	-6.236417e+00	5.196109e+00	-3.104724e+00
2.000000e+00	-1.668699e+00	-2.301957e-01	-1.247613e+00	0.000000e+00	1.110223e-16	3.330669e-16	-6.357444e+00	5.186621e+00	-2.643370e+00
2.010000e+00	-1.644874e+00	-2.011350e-01	-1.233642e+00	1.110223e-16	-1.665335e-16	3.330669e-16	-6.459021e+00	5.152468e+00	-2.182585e+00
2.020000e+00	-1.620934e+00	-1.723169e-01	-1.219545e+00	1.110223e-16	-5.551115e-17	3.330669e-16	-6.541994e+00	5.094472e+00	-1.737872e+00
2.030000e+00	-1.596935e+00	-1.437844e-01	-1.205360e+00	1.110223e-16	-1.110223e-16	4.440892e-16	-6.607295e+00	5.013574e+00	-1.322306e+00
2.040000e+00	-1.572933e+00	-1.155796e-01	-1.191123e+00	0.000000e+00	1.110223e-16	-1.110223e-16	-6.655922e+00	4.910844e+00	-9.460441e-01
2.050000e+00	-1.548983e+00	-8.774499e-02	-1.176873e+00	0.000000e+00	1.110223e-16	4.440892e-16	-6.688917e+00	4.787506e+00	-6.161564e-01
2.060000e+00	-1.525143e+00	-6.032222e-02	-1.162645e+00	1.110223e-16	2.775558e-17	3.330669e-16	-6.707345e+00	4.644964e+00	-3.367033e-01
2.070000e+00	-1.501468e+00	-3.335274e-02	-1.148476e+00	0.000000e+00	6.938894e-18	2.220446e-16	-6.712274e+00	4.484845e+00	-1.090035e-01
2.080000e+00	-1.478013e+00	-6.877483e-03	-1.134402e+00	-1.110223e-16	-3.469447e-17	0.000000e+00	-6.704750e+00	4.309039e+00	6.798314e-02
2.090000e+00	-1.454831e+00	1.906319e-02	-1.120459e+00	1.110223e-16	-2.775558e-17	4.440892e-16	-6.685785e+00	4.119749e+00	1.972199e-01
2.100000e+00	-1.431978e+00	4.442953e-02	-1.106683e+00	0.000000e+00	0.000000e+00	1.110223e-16	-6.656342e+00	3.919540e+00	2.831516e-01
2.110000e+00	-1.409506e+00	6.918250e-02	-1.093108e+00	0.000000e+00	-1.110223e-16	3.330669e-16	-6.617325e+00	3.711379e+00	3.312891e-01
2.120000e+00	-1.387466e+00	9.328385e-02	-1.079768e+00	0.000000e+00	-5.551115e-17	0.000000e+00	-6.569580e+00	3.498660e+00	3.478343e-01
2.130000e+00	-1.365912e+00	1.166961e-01	-1.066698e+00	-5.551115e-17	-5.551115e-17	4.440892e-16	-6.513902e+00	3.285201e+00	3.393506e-01
2.140000e+00	-1.344891e+00	1.393829e-01	-1.053930e+00	5.551115e-17	1.665335e-16	-1.110223e-16	-6.451050e+00	3.075205e+00	3.124744e-01
2.150000e+00	-1.324453e+00	1.613085e-01	-1.041497e+00	0.000000e+00	-1.110223e-16	3.330669e-16	-6.381768e+00	2.873173e+00	2.736576e-01
2.160000e+00	-1.304646e+00	1.824386e-01	-1.029429e+00	-1.110223e-16	-1.110223e-16	0.000000e+00	-6.306815e+00	2.683766e+00	2.289350e-01
2.170000e+00	-1.285515e+00	2.027399e-01	-1.017758e+00	0.000000e+00	-2.220446e-16	3.330669e-16	-6.226993e+00	2.511618e+00	1.837096e-01
2.180000e+00	-1.267105e+00	2.221800e-01	-1.006512e+00	0.000000e+00	0.000000e+00	-2.220446e-16	-6.143174e+00	2.361106e+00	1.425559e-01
2.190000e+00	-1.249459e+00	2.407283e-01	-9.957195e-01	-5.551115e-17	-5.551115e-16	1.110223e-16	-6.056313e+00	2.236103e+00	1.090481e-01
2.200000e+00	-1.232617e+00	2.583550e-01	-9.854080e-01	0.000000e+00	-2.220446e-16	1.110223e-16	-5.967452e+00	2.139732e+00	8.562076e-02
2.210000e+00	-1.216619e+00	2.750319e-01	-9.756032e-01	-5.551115e-17	-4.440892e-16	0.000000e+00	-5.877699e+00	2.074166e+00	7.347593e-02
2.220000e+00	-1.201503e+00	2.907324e-01	-9.663297e-01	0.000000e+00	1.110223e-16	2.220446e-16	-5.788195e+00	2.040485e+00	7.254449e-02
2.230000e+00	-1.187302e+00	3.054311e-01	-9.576109e-01	-5.551115e-17	1.110223e-16	1.110223e-16	-5.700061e+00	2.038622e+00	8.150854e-02
2.240000e+00	-1.174051e+00	3.191043e-01	-9.494687e-01	0.000000e+00	-1.110223e-16	1.110223e-16	-5.614333e+00	2.067400e+00	9.788268e-02
2.250000e+00	-1.161780e+00	3.317299e-01	-9.419235e-01	0.000000e+00	-4.440892e-16	3.330669e-16	-5.531900e+00	2.124647e+00	1.181464e-01
2.260000e+00	-1.150519e+00	3.432875e-01	-9.349942e-01	5.551115e-17	5.551115e-17	2.220446e-16	-5.453445e+00	2.207386e+00	1.379158e-01
2.270000e+00	-1.140292e+00	3.537581e-01	-9.286983e-01	0.000000e+00	1.110223e-16	2.220446e-16	-5.379395e+00	2.312051e+00	1.521396e-01
2.280000e+00	-1.131125e+00	3.631249e-01	-9.230516e-01	0.000000e+00	0.000000e+00	0.000000e+00	-5.309896e+00	2.434720e+00	1.553104e-01
2.290000e+00	-1.123038e+00	3.713724e-01	-9.180682e-01	0.000000e+00	5.551115e-17	2.220446e-16	-5.244802e+00	2.571326e+00	1.416809e-01
2.300000e+00	-1.116051e+00	3.784873e-01	-9.137609e-01	-5.551115e-17	-1.110223e-16	-3.330669e-16	-5.183683e+00	2.717840e+00	1.054857e-01
2.310000e+00	-1.110180e+00	3.844579e-01	-9.101403e-01	0.000000e+00	1.942890e-16	2.220446e-16	-5.125844e+00	2.870403e+00	4.117148e-02
2.320000e+00	-1.105439e+00	3.892744e-01	-9.072155e-01	0.000000e+00	0.000000e+00	3.330669e-16	-5.070364e+00	3.025425e+00	-5.635871e-02
2.330000e+00	-1.101838e+00	3.929290e-01	-9.049940e-01	0.000000e+00	-5.551115e-17	1.110223e-16	-5.016131e+00	3.179632e+00	-1.914789e-01
2.340000e+00	-1.099386e+00	3.954156e-01	-9.034813e-01	0.000000e+00	0.000000e+00	0.000000e+00	-4.961884e+00	3.330085e+00	-3.675483e-01
2.350000e+00	-1.098090e+00	3.967301e-01	-9.026813e-01	5.551115e-17	0.000000e+00	3.330669e-16	-4.906258e+00	3.474178e+00	-5.865953e-01
2.360000e+00	-1.097952e+00	3.968704e-01	-9.025959e-01	-5.551115e-17	0.000000e+00	1.110223e-16	-4.847825e+00	3.609610e+00	-8.489888e-01
2.370000e+00	-1.098972e+00	3.958363e-01	-9.032253e-01	0.000000e+00	1.110223e-16	3.330669e-16	-4.785123e+00	3.734359e+00	-1.153117e+00
2.380000e+00	-1.101148e+00	3.936294e-01	-9.045680e-01	5.551115e-17	-1.110223e-16	1.110223e-16	-4.716696e+00	3.846647e+00	-1.495110e+00
2.390000e+00	-1.104474e+00	3.902534e-01	-9.066206e-01	-5.551115e-17	2.220446e-16	2.220446e-16	-4.641117e+00	3.944904e+00	-1.868644e+00
2.400000e+00	-1.108944e+00	3.857138e-01	-9.093780e-01	0.000000e+00	2.220446e-16	-1.110223e-16	-4.557017e+00	4.027746e+00	-2.264887e+00
2.410000e+00	-1.114546e+00	3.800181e-01	-9.128331e-01	0.000000e+00	0.000000e+00	2.220446e-16	-4.463100e+00	4.093942e+00	-2.672625e+00
2.420000e+00	-1.121268e+00	3.731756e-01	-9.169773e-01	-1.110223e-16	5.551115e-17	1.110223e-16	-4.358165e+00	4.142405e+00	-3.078620e+00
2.430000e+00	-1.129094e+00	3.651975e-01	-9.218002e-01	-5.551115e-17	-3.330669e-16	0.000000e+00	-4.241122e+00	4.172170e+00	-3.468208e+00
2.440000e+00	-1.138005e+00	3.560968e-01	-9.272897e-01	0.000000e+00	0.000000e+00	1.110223e-16	-4.111001e+00	4.182389e+00	-3.826137e+00
2.450000e+00	-1.147980e+00	3.458884e-01	-9.334319e-01	1.110223e-16	-5.551115e-17	1.110223e-16	-3.966968e+00	4.172331e+00	-4.137574e+00
2.460000e+00	-1.158997e+00	3.345888e-01	-9.402114e-01	5.551115e-17	2.220446e-16	1.110223e-16	-3.808332e+00	4.141373e+00	-4.389208e+00
2.470000e+00	-1.171029e+00	3.222166e-01	-9.476111e-01	0.000000e+00	1.665335e-16	1.110223e-16	-3.634554e+00	4.089011e+00	-4.570310e+00
2.480000e+00	-1.184049e+00	3.087917e-01	-9.556126e-01	5.551115e-17	2.220446e-16	1.110223e-16	-3.445255e+00	4.014858e+00	-4.673615e+00
2.490000e+00	-1.198026e+00	2.943359e-01	-9.641956e-01	5.551115e-17	3.330669e-16	1.110223e-16	-3.240218e+00	3.918652e+00	-4.695912e+00
2.500000e+00	-1.212927e+00	2.788725e-01	-9.733386e-01	-5.551115e-17	-1.110223e-16	2.220446e-16	-3.019398e+00	3.800263e+00	-4.638236e+00
2.510000e+00	-1.228717e+00	2.624264e-01	-9.830186e-01	0.000000e+00	2.775558e-16	2.220446e-16	-2.782918e+00	3.659697e+00	-4.505664e+00
2.520000e+00	-1.245361e+00	2.450241e-01	-9.932114e-01	0.000000e+00	1.110223e-16	-2.220446e-16	-2.531076e+00	3.497105e+00	-4.306710e+00
2.530000e+00	-1.262819e+00	2.266934e-01	-1.003891e+00	-1.110223e-16	-1.110223e-16	0.000000e+00	-2.264339e+00	3.312788e+00	-4.052455e+00
2.540000e+00	-1.281050e+00	2.074635e-01	-1.015031e+00	0.000000e+00	-2.775558e-17	2.220446e-16	-1.983348e+00	3.107200e+00	-3.755518e+00
2.550000e+00	-1.300013e+00	1.873652e-01	-1.026604e+00	-5.551115e-17	1.665335e-16	3.330669e-16	-1.688908e+00	2.880956e+00	-3.429001e+00
2.560000e+00	-1.319662e+00	1.664301e-01	-1.038580e+00	5.551115e-17	-3.608225e-16	1.110223e-16	-1.381986e+00	2.634828e+00	-3.085564e+00
2.570000e+00	-1.339954e+00	1.446914e-01	-1.050928e+00	0.000000e+00	2.775558e-16	0.000000e+00	-1.063703e+00	2.369749e+00	-2.736676e+00
2.580000e+00	-1.360839e+00	1.221833e-01	-1.063619e+00	0.000000e+00	1.942890e-16	2.220446e-16	-7.353280e-01	2.086812e+00	-2.392117e+00
2.590000e+00	-1.382271e+00	9.894103e-02	-1.076620e+00	1.110223e-16	-2.775558e-17	2.220446e-16	-3.982628e-01	1.787264e+00	-2.059722e+00
2.600000e+00	-1.404199e+00	7.500093e-02	-1.089898e+00	0.000000e+00	1.665335e-16	3.330669e-16	-5.403488e-02	1.472505e+00	-1.745329e+00
2.610000e+00	-1.426573e+00	5.040018e-02	-1.103420e+00	0.000000e+00	5.551115e-17	2.220446e-16	2.957181e-01	1.144075e+00	-1.452905e+00
2.620000e+00	-1.449340e+00	2.517685e-02	-1.117152e+00	0.000000e+00	0.000000e+00	4.440892e-16	6.492627e-01	8.036504e-01	-1.184773e+00
2.630000e+00	-1.472448e+00	-6.302042e-04	-1.131058e+00	0.000000e+00	3.330669e-16	2.220446e-16	1.004785e+00	4.530293e-01	-9.418987e-01
2.640000e+00	-1.495843e+00	-2.698140e-02	-1.145104e+00	0.000000e+00	0.000000e+00	1.110223e-16	1.360410e+00	9.411928e-02	-7.242023e-01
2.650000e+00	-1.519470e+00	-5.383651e-02	-1.159253e+00	1.110223e-16	-1.942890e-16	-1.110223e-16	1.714214e+00	-2.710769e-01	-5.308472e-01
2.660000e+00	-1.543276e+00	-8.115473e-02	-1.173471e+00	-1.110223e-16	-5.551115e-17	2.220446e-16	2.064251e+00	-6.404785e-01	-3.605024e-01
2.670000e+00	-1.567204e+00	-1.088948e-01	-1.187719e+00	0.000000e+00	8.326673e-17	2.220446e-16	2.408564e+00	-1.011944e+00	-2.115605e-01
2.680000e+00	-1.591199e+00	-1.370149e-01	-1.201962e+00	-1.110223e-16	0.000000e+00	2.220446e-16	2.745210e+00	-1.383291e+00	-8.231092e-02
2.690000e+00	-1.615204e+00	-1.654730e-01	-1.216162e+00	-1.110223e-16	-5.551115e-17	1.110223e-16	3.072276e+00	-1.752316e+00	2.892988e-02
2.700000e+00	-1.639163e+00	-1.942267e-01	-1.230284e+00	0.000000e+00	0.000000e+00	1.110223e-16	3.387898e+00	-2.116814e+00	1.237267e-01
2.710000e+00	-1.663021e+00	-2.232334e-01	-1.244289e+00	0.000000e+00	8.326673e-17	5.551115e-16	3.690280e+00	-2.474602e+00	2.034660e-01
2.720000e+00	-1.686719e+00	-2.524503e-01	-1.258141e+00	0.000000e+00	-1.942890e-16	5.551115e-16	3.977711e+00	-2.823537e+00	2.693227e-01
2.730000e+00	-1.710203e+00	-2.818345e-01	-1.271803e+00	-2.220446e-16	1.110223e-16	1.110223e-16	4.248579e+00	-3.161541e+00	3.222477e-01
2.740000e+00	-1.733416e+00	-3.113431e-01	-1.285239e+00	1.110223e-16	-5.551115e-17	1.110223e-16	4.501390e+00	-3.486619e+00	3.629715e-01
2.750000e+00	-1.756302e+00	-3.409332e-01	-1.298411e+00	0.000000e+00	8.326673e-17	-1.110223e-16	4.734776e+00	-3.796877e+00	3.920186e-01
2.760000e+00	-1.778806e+00	-3.705621e-01	-1.311284e+00	0.000000e+00	5.551115e-17	2.220446e-16	4.947511e+00	-4.090543e+00	4.097314e-01
2.770000e+00	-1.800873e+00	-4.001871e-01	-1.323822e+00	1.110223e-16	1.387779e-16	2.220446e-16	5.138517e+00	-4.365985e+00	4.162988e-01
2.780000e+00	-1.822449e+00	-4.297657e-01	-1.335989e+00	-1.110223e-16	0.000000e+00	2.220446e-16	5.306872e+00	-4.621722e+00	4.117885e-01
2.790000e+00	-1.843479e+00	-4.592559e-01	-1.347751e+00	0.000000e+00	1.387779e-16	2.220446e-16	5.451815e+00	-4.856437e+00	3.961802e-01
2.800000e+00	-1.863911e+00	-4.886156e-01	-1.359072e+00	-1.110223e-16	1.110223e-16	2.220446e-16	5.572752e+00	-5.068994e+00	3.693996e-01
2.810000e+00	-1.883692e+00	-5.178034e-01	-1.369918e+00	-1.110223e-16	5.551115e-17	4.440892e-16	5.669253e+00	-5.258438e+00	3.313500e-01
2.820000e+00	-1.902770e+00	-5.467782e-01	-1.380257e+00	2.220446e-16	5.551115e-17	1.110223e-16	5.741051e+00	-5.424006e+00	2.819410e-01
2.830000e+00	-1.921094e+00	-5.754992e-01	-1.390054e+00	0.000000e+00	2.775558e-17	4.440892e-16	5.788044e+00	-5.565129e+00	2.211140e-01
2.840000e+00	-1.938615e+00	-6.039262e-01	-1.399278e+00	0.000000e+00	1.387779e-16	2.220446e-16	5.810286e+00	-5.681433e+00	1.488622e-01
2.850000e+00	-1.955283e+00	-6.320196e-01	-1.407897e+00	0.000000e+00	8.326673e-17	2.220446e-16	5.807979e+00	-5.772734e+00	6.524563e-02
2.860000e+00	-1.971050e+00	-6.597401e-01	-1.415879e+00	-1.110223e-16	-2.775558e-17	2.220446e-16	5.781471e+00	-5.839038e+00	-2.959950e-02
2.870000e+00	-1.985870e+00	-6.870492e-01	-1.423194e+00	-2.220446e-16	1.110223e-16	4.440892e-16	5.731243e+00	-5.880534e+00	-1.354577e-01
2.880000e+00	-1.999695e+00	-7.139089e-01	-1.429812e+00	0.000000e+00	2.775558e-17	2.220446e-16	5.657899e+00	-5.897583e+00	-2.520365e-01
2.890000e+00	-2.012481e+00	-7.402820e-01	-1.435705e+00	-2.220446e-16	8.326673e-17	2.220446e-16	5.562157e+00	-5.890708e+00	-3.789733e-01
2.900000e+00	-2.024184e+00	-7.661317e-01	-1.440843e+00	0.000000e+00	-2.775558e-17	1.110223e-16	5.444837e+00	-5.860584e+00	-5.158474e-01
2.910000e+00	-2.034760e+00	-7.914220e-01	-1.445200e+00	2.220446e-16	-5.551115e-17	4.440892e-16	5.306848e+00	-5.808023e+00	-6.621948e-01
2.920000e+00	-2.044169e+00	-8.161175e-01	-1.448748e+00	-2.220446e-16	-5.551115e-17	4.440892e-16	5.149178e+00	-5.733959e+00	-8.175244e-01
2.930000e+00	-2.052368e+00	-8.401837e-01	-1.451461e+00	-2.220446e-16	5.551115e-17	0.000000e+00	4.972884e+00	-5.639437e+00	-9.813355e-01
2.940000e+00	-2.059318e+00	-8.635867e-01	-1.453313e+00	0.000000e+00	1.665335e-16	3.330669e-16	4.779074e+00	-5.525591e+00	-1.153134e+00
2.950000e+00	-2.064981e+00	-8.862931e-01	-1.454280e+00	2.220446e-16	5.551115e-17	4.440892e-16	4.568902e+00	-5.393632e+00	-1.332448e+00
2.960000e+00	-2.069318e+00	-9.082705e-01	-1.454337e+00	2.220446e-16	1.110223e-16	2.220446e-16	4.343552e+00	-5.244833e+00	-1.518836e+00
2.970000e+00	-2.072293e+00	-9.294872e-01	-1.453461e+00	0.000000e+00	5.551115e-17	3.330669e-16	4.104232e+00	-5.080511e+00	-1.711893e+00
2.980000e+00	-2.073870e+00	-9.499120e-01	-1.451629e+00	2.220446e-16	2.220446e-16	3.330669e-16	3.852160e+00	-4.902012e+00	-1.911251e+00
2.990000e+00	-2.074015e+00	-9.695145e-01	-1.448819e+00	0.000000e+00	-1.110223e-16	1.110223e-16	3.588554e+00	-4.710695e+00	-2.116570e+00
3.000000e+00	-2.072692e+00	-9.882651e-01	-1.445009e+00	0.000000e+00	0.000000e+00	2.220446e-16	3.314627e+00	-4.507922e+00	-2.327521e+00
3.010000e+00	-2.069869e+00	-1.006135e+00	-1.440178e+00	2.220446e-16	5.551115e-17	2.220446e-16	3.031571e+00	-4.295039e+00	-2.543764e+00
3.020000e+00	-2.065515e+00	-1.023095e+00	-1.434305e+00	-2.220446e-16	0.000000e+00	2.220446e-16	2.740558e+00	-4.073368e+00	-2.764905e+00
3.030000e+00	-2.059596e+00	-1.039118e+00	-1.427371e+00	0.000000e+00	2.220446e-16	2.220446e-16	2.442722e+00	-3.844193e+00	-2.990461e+00
3.040000e+00	-2.052084e+00	-1.054177e+00	-1.419356e+00	0.000000e+00	1.110223e-16	3.330669e-16	2.139161e+00	-3.608749e+00	-3.219796e+00
3.050000e+00	-2.042946e+00	-1.068246e+00	-1.410240e+00	2.220446e-16	0.000000e+00	2.220446e-16	1.830921e+00	-3.368214e+00	-3.452064e+00
3.060000e+00	-2.032155e+00	-1.081297e+00	-1.400005e+00	0.000000e+00	0.000000e+00	3.330669e-16	1.518998e+00	-3.123697e+00	-3.686131e+00
3.070000e+00	-2.019680e+00	-1.093307e+00	-1.388632e+00	0.000000e+00	1.110223e-16	3.330669e-16	1.204327e+00	-2.876232e+00	-3.920509e+00
3.080000e+00	-2.005493e+00	-1.104249e+00	-1.376103e+00	2.220446e-16	0.000000e+00	0.000000e+00	8.877749e-01	-2.626772e+00	-4.153271e+00
3.090000e+00	-1.989565e+00	-1.114100e+00	-1.362400e+00	0.000000e+00	0.000000e+00	0.000000e+00	5.701406e-01	-2.376181e+00	-4.381991e+00
3.100000e+00	-1.971870e+00	-1.122836e+00	-1.347504e+00	-2.220446e-16	-1.110223e-16	3.330669e-16	2.521461e-01	-2.125228e+00	-4.603678e+00
3.110000e+00	-1.952378e+00	-1.130432e+00	-1.331398e+00	0.000000e+00	2.220446e-16	2.220446e-16	-6.556630e-02	-1.874586e+00	-4.814751e+00
3.120000e+00	-1.931062e+00	-1.136865e+00	-1.314064e+00	0.000000e+00	2.220446e-16	0.000000e+00	-3.824373e-01	-1.624824e+00	-5.011030e+00
3.130000e+00	-1.907894e+00	-1.142112e+00	-1.295485e+00	-2.220446e-16	0.000000e+00	2.220446e-16	-6.979938e-01	-1.376410e+00	-5.187781e+00
3.140000e+00	-1.882846e+00	-1.146151e+00	-1.275641e+00	0.000000e+00	2.220446e-16	2.220446e-16	-1.011851e+00	-1.129703e+00	-5.339799e+00
3.150000e+00	-1.855890e+00	-1.148958e+00	-1.254515e+00	-2.220446e-16	1.110223e-16	2.220446e-16	-1.323712e+00	-8.849570e-01	-5.461560e+00
3.160000e+00	-1.826998e+00	-1.150511e+00	-1.232088e+00	1.110223e-16	2.220446e-16	1.110223e-16	-1.633370e+00	-6.423213e-01	-5.547424e+00
3.170000e+00	-1.796140e+00	-1.150788e+00	-1.208341e+00	-1.110223e-16	2.220446e-16	4.996004e-16	-1.940704e+00	-4.018391e-01	-5.591889e+00
3.180000e+00	-1.763287e+00	-1.149766e+00	-1.183255e+00	1.110223e-16	1.110223e-16	5.551115e-17	-2.245679e+00	-1.634528e-01	-5.589887e+00
3.190000e+00	-1.728409e+00	-1.147421e+00	-1.156811e+00	1.110223e-16	4.440892e-16	1.665335e-16	-2.548335e+00	7.299251e-02	-5.537109e+00
3.200000e+00	-1.691475e+00	-1.143733e+00	-1.128987e+00	0.000000e+00	3.330669e-16	2.775558e-16	-2.848786e+00	3.077431e-01	-5.430309e+00
3.210000e+00	-1.652453e+00	-1.138678e+00	-1.099764e+00	1.110223e-16	2.220446e-16	5.551115e-17	-3.147205e+00	5.411287e-01	-5.267587e+00
3.220000e+00	-1.611312e+00	-1.132232e+00	-1.069119e+00	0.000000e+00	-1.110223e-16	5.551115e-17	-3.443813e+00	7.735529e-01	-5.048598e+00
3.230000e+00	-1.568015e+00	-1.124373e+00	-1.037029e+00	1.110223e-16	0.000000e+00	1.665335e-16	-3.738862e+00	1.005480e+00	-4.774675e+00
3.240000e+00	-1.522530e+00	-1.115076e+00	-1.003472e+00	2.220446e-16	1.110223e-16	0.000000e+00	-4.032610e+00	1.237423e+00	-4.448836e+00
3.250000e+00	-1.474819e+00	-1.104318e+00	-9.684231e-01	0.000000e+00	3.330669e-16	5.551115e-17	-4.325304e+00	1.469919e+00	-4.075682e+00
3.260000e+00	-1.424845e+00	-1.092073e+00	-9.318568e-01	0.000000e+00	3.330669e-16	2.220446e-16	-4.617143e+00	1.703517e+00	-3.661179e+00
3.270000e+00	-1.372568e+00	-1.078318e+00	-8.937469e-01	0.000000e+00	1.110223e-16	1.665335e-16	-4.908247e+00	1.938746e+00	-3.212355e+00
3.280000e+00	-1.317948e+00	-1.063025e+00	-8.540658e-01	0.000000e+00	1.110223e-16	-1.110223e-16	-5.198620e+00	2.176090e+00	-2.736929e+00
3.290000e+00	-1.260942e+00	-1.046169e+00	-8.127847e-01	0.000000e+00	-2.220446e-16	1.110223e-16	-5.488104e+00	2.415954e+00	-2.242916e+00
3.300000e+00	-1.201506e+00	-1.027723e+00	-7.698738e-01	-1.110223e-16	-1.110223e-16	3.608225e-16	-5.776337e+00	2.658635e+00	-1.738240e+00
3.310000e+00	-1.139594e+00	-1.007659e+00	-7.253016e-01	0.000000e+00	0.000000e+00	2.775558e-16	-6.062704e+00	2.904278e+00	-1.230382e+00
3.320000e+00	-1.075157e+00	-9.859479e-01	-6.790356e-01	0.000000e+00	-1.110223e-16	-5.551115e-17	-6.346293e+00	3.152841e+00	-7.260959e-01
3.330000e+00	-1.008146e+00	-9.625612e-01	-6.310418e-01	0.000000e+00	0.000000e+00	2.775558e-16	-6.625856e+00	3.404060e+00	-2.312013e-01
3.340000e+00	-9.385094e-01	-9.374688e-01	-5.812851e-01	0.000000e+00	-1.110223e-16	5.551115e-17	-6.899768e+00	3.657410e+00	2.495326e-01
3.350000e+00	-8.661933e-01	-9.106398e-01	-5.297286e-01	0.000000e+00	0.000000e+00	-2.081668e-17	-7.166011e+00	3.912077e+00	7.124209e-01
3.360000e+00	-7.911421e-01	-8.820428e-01	-4.763346e-01	1.110223e-16	-1.110223e-16	7.979728e-17	-7.422165e+00	4.166940e+00	1.154817e+00
3.370000e+00	-7.132987e-01	-8.516455e-01	-4.210638e-01	-5.551115e-17	1.665335e-16	-1.110223e-16	-7.665421e+00	4.420555e+00	1.575001e+00
3.380000e+00	-6.326041e-01	-8.194151e-01	-3.638757e-01	0.000000e+00	0.000000e+00	2.498002e-16	-7.892620e+00	4.671162e+00	1.972022e+00
3.390000e+00	-5.489977e-01	-7.853179e-01	-3.047290e-01	0.000000e+00	3.330669e-16	5.551115e-17	-8.100311e+00	4.916708e+00	2.345503e+00
3.400000e+00	-4.624176e-01	-7.493200e-01	-2.435811e-01	5.551115e-17	-1.110223e-16	0.000000e+00	-8.284849e+00	5.154887e+00	2.695431e+00
3.410000e+00	-3.728009e-01	-7.113869e-01	-1.803887e-01	-5.551115e-17	-1.110223e-16	5.551115e-17	-8.442500e+00	5.383191e+00	3.021944e+00
3.420000e+00	-2.800837e-01	-6.714841e-01	-1.151081e-01	0.000000e+00	2.220446e-16	-2.220446e-16	-8.569577e+00	5.598991e+00	3.325133e+00
3.430000e+00	-1.842017e-01	-6.295768e-01	-4.769486e-02	-5.551115e-17	-8.881784e-16	-2.775558e-16	-8.662584e+00	5.799623e+00	3.604862e+00
3.440000e+00	-8.509056e-02	-5.856305e-01	2.189524e-02	-5.551115e-17	-2.220446e-16	0.000000e+00	-8.718355e+00	5.982476e+00	3.860624e+00
3.450000e+00	1.731375e-02	-5.396111e-01	9.370625e-02	-8.326673e-17	-6.661338e-16	-1.110223e-16	-8.734195e+00	6.145096e+00	4.091449e+00
3.460000e+00	1.230741e-01	-4.914852e-01	1.677816e-01	0.000000e+00	-2.220446e-16	-2.220446e-16	-8.707986e+00	6.285265e+00	4.295847e+00
3.470000e+00	2.322517e-01	-4.412207e-01	2.441634e-01	-6.938894e-18	2.220446e-16	-4.440892e-16	-8.638276e+00	6.401085e+00	4.471823e+00
3.480000e+00	3.449053e-01	-3.887869e-01	3.228922e-01	-5.551115e-17	0.000000e+00	-1.665335e-16	-8.524322e+00	6.491026e+00	4.616942e+00
3.490000e+00	4.610902e-01	-3.341550e-01	4.040063e-01	2.775558e-17	2.220446e-16	-2.220446e-16	-8.366095e+00	6.553969e+00	4.728460e+00
3.500000e+00	5.808573e-01	-2.772991e-01	4.875409e-01	1.110223e-16	0.000000e+00	1.110223e-16	-8.164253e+00	6.589208e+00	4.803508e+00
3.510000e+00	7.042520e-01	-2.181963e-01	5.735275e-01	1.110223e-16	0.000000e+00	-2.220446e-16	-7.920068e+00	6.596442e+00	4.839341e+00
3.520000e+00	8.313127e-01	-1.568274e-01	6.619927e-01	-5.551115e-17	-2.220446e-16	-4.440892e-16	-7.635345e+00	6.575743e+00	4.833614e+00
3.530000e+00	9.620699e-01	-9.317824e-02	7.529577e-01	-5.551115e-17	-4.440892e-16	0.000000e+00	-7.312307e+00	6.527506e+00	4.784699e+00
3.540000e+00	1.096544e+00	-2.723991e-02	8.464368e-01	-5.551115e-17	-2.220446e-16	-2.220446e-16	-6.953490e+00	6.452401e+00	4.692000e+00
3.550000e+00	1.234743e+00	4.098992e-02	9.424365e-01	1.110223e-16	-4.440892e-16	-3.330669e-16	-6.561630e+00	6.351305e+00	4.556251e+00
3.560000e+00	1.376663e+00	1.115061e-01	1.040954e+00	0.000000e+00	-3.330669e-16	-3.330669e-16	-6.139567e+00	6.225255e+00	4.379765e+00
3.570000e+00	1.522283e+00	1.842947e-01	1.141975e+00	1.110223e-16	-1.110223e-16	-4.440892e-16	-5.690162e+00	6.075387e+00	4.166595e+00
3.580000e+00	1.671565e+00	2.593321e-01	1.245474e+00	0.000000e+00	-2.220446e-16	2.220446e-16	-5.216231e+00	5.902900e+00	3.922585e+00
3.590000e+00	1.824451e+00	3.365835e-01	1.351412e+00	-3.330669e-16	-1.110223e-16	-2.220446e-16	-4.720502e+00	5.709017e+00	3.655273e+00
3.600000e+00	1.980859e+00	4.160014e-01	1.459732e+00	2.220446e-16	-1.110223e-16	-2.220446e-16	-4.205585e+00	5.494965e+00	3.373657e+00
3.610000e+00	2.140682e+00	4.975244e-01	1.570363e+00	3.330669e-16	-1.665335e-16	-4.440892e-16	-3.673963e+00	5.261956e+00	3.087790e+00
3.620000e+00	2.303786e+00	5.810756e-01	1.683212e+00	-2.220446e-16	-5.551115e-17	-6.661338e-16	-3.127989e+00	5.011183e+00	2.808273e+00
3.630000e+00	2.470004e+00	6.665610e-01	1.798165e+00	-2.220446e-16	0.000000e+00	0.000000e+00	-2.569900e+00	4.743818e+00	2.545646e+00
3.640000e+00	2.639137e+00	7.538680e-01	1.915085e+00	2.220446e-16	-2.775558e-17	-4.440892e-16	-2.001828e+00	4.461015e+00	2.309769e+00
3.650000e+00	2.810948e+00	8.428636e-01	2.033811e+00	-2.220446e-16	-2.775558e-17	-2.220446e-16	-1.425824e+00	4.163919e+00	2.109232e+00
3.660000e+00	2.985159e+00	9.333933e-01	2.154153e+00	2.220446e-16	0.000000e+00	-4.440892e-16	-8.438765e-01	3.853673e+00	1.950872e+00
3.670000e+00	3.161453e+00	1.025279e+00	2.275892e+00	2.220446e-16	-1.040834e-17	-6.661338e-16	-2.579303e-01	3.531424e+00	1.839449e+00
3.680000e+00	3.339466e+00	1.118320e+00	2.398780e+00	0.000000e+00	0.000000e+00	-4.440892e-16	3.300955e-01	3.198333e+00	1.777486e+00
3.690000e+00	3.518788e+00	1.212286e+00	2.522536e+00	-4.440892e-16	0.000000e+00	0.000000e+00	9.182951e-01	2.855582e+00	1.765310e+00
3.700000e+00	3.698959e+00	1.306925e+00	2.646844e+00	2.220446e-16	0.000000e+00	-4.440892e-16	1.504766e+00	2.504373e+00	1.801240e+00
3.710000e+00	3.879473e+00	1.401953e+00	2.771357e+00	0.000000e+00	6.938894e-18	-2.220446e-16	2.087605e+00	2.145933e+00	1.881912e+00
3.720000e+00	4.059770e+00	1.497063e+00	2.895691e+00	2.220446e-16	0.000000e+00	-2.220446e-16	2.664906e+00	1.781511e+00	2.002674e+00
3.730000e+00	4.239240e+00	1.591917e+00	3.019429e+00	2.220446e-16	-1.387779e-17	-6.661338e-16	3.234767e+00	1.412372e+00	2.158006e+00
3.740000e+00	4.417228e+00	1.686153e+00	3.142119e+00	0.000000e+00	0.000000e+00	-4.440892e-16	3.795293e+00	1.039794e+00	2.341926e+00
3.750000e+00	4.593027e+00	1.779380e+00	3.263279e+00	0.000000e+00	-8.673617e-18	-4.440892e-16	4.344614e+00	6.650560e-01	2.548346e+00
3.760000e+00	4.765890e+00	1.871187e+00	3.382394e+00	-4.440892e-16	1.040834e-17	0.000000e+00	4.880890e+00	2.894319e-01	2.771361e+00
3.770000e+00	4.935028e+00	1.961139e+00	3.498925e+00	4.440892e-16	0.000000e+00	0.000000e+00	5.402337e+00	-8.582533e-02	3.005456e+00
3.780000e+00	5.099619e+00	2.048782e+00	3.612306e+00	4.440892e-16	-2.775558e-17	-6.661338e-16	5.907239e+00	-4.594932e-01	3.245649e+00
3.790000e+00	5.258813e+00	2.133648e+00	3.721955e+00	0.000000e+00	-2.775558e-17	-1.332268e-15	6.393969e+00	-8.303929e-01	3.487562e+00
3.800000e+00	5.411740e+00	2.215258e+00	3.827275e+00	-4.440892e-16	0.000000e+00	-8.881784e-16	6.861012e+00	-1.197402e+00	3.727443e+00
3.810000e+00	5.557520e+00	2.293128e+00	3.927662e+00	-4.440892e-16	5.551115e-17	-8.881784e-16	7.306978e+00	-1.559465e+00	3.962151e+00
3.820000e+00	5.695272e+00	2.366772e+00	4.022511e+00	4.440892e-16	0.000000e+00	-8.881784e-16	7.730630e+00	-1.915605e+00	4.189117e+00
3.830000e+00	5.824127e+00	2.435712e+00	4.111226e+00	0.000000e+00	0.000000e+00	-8.881784e-16	8.130893e+00	-2.264932e+00	4.406284e+00
3.840000e+00	5.943236e+00	2.499481e+00	4.193225e+00	0.000000e+00	0.000000e+00	-1.332268e-15	8.506875e+00	-2.606651e+00	4.612046e+00
3.850000e+00	6.051786e+00	2.557632e+00	4.267950e+00	0.000000e+00	-1.110223e-16	-4.440892e-16	8.857878e+00	-2.940063e+00	4.805187e+00
3.860000e+00	6.149012e+00	2.609744e+00	4.334876e+00	0.000000e+00	0.000000e+00	-8.881784e-16	9.183407e+00	-3.264574e+00	4.984820e+00
3.870000e+00	6.234207e+00	2.655427e+00	4.393516e+00	0.000000e+00	-1.110223e-16	4.440892e-16	9.483180e+00	-3.579687e+00	5.150330e+00
3.880000e+00	6.306736e+00	2.694334e+00	4.443436e+00	0.000000e+00	-1.110223e-16	-4.440892e-16	9.757127e+00	-3.885006e+00	5.301327e+00
3.890000e+00	6.366047e+00	2.726160e+00	4.484257e+00	0.000000e+00	-1.110223e-16	-1.332268e-15	1.000539e+01	-4.180226e+00	5.437605e+00
3.900000e+00	6.411679e+00	2.750652e+00	4.515663e+00	-4.440892e-16	-1.110223e-16	-1.332268e-15	1.022832e+01	-4.465126e+00	5.559096e+00
3.910000e+00	6.443273e+00	2.767612e+00	4.537406e+00	-4.440892e-16	1.110223e-16	-4.440892e-16	1.042645e+01	-4.739559e+00	5.665843e+00
3.920000e+00	6.460578e+00	2.776903e+00	4.549316e+00	0.000000e+00	1.110223e-16	-8.881784e-16	1.060051e+01	-5.003440e+00	5.757968e+00
3.930000e+00	6.463457e+00	2.778449e+00	4.551298e+00	-4.440892e-16	0.000000e+00	-8.881784e-16	1.075140e+01	-5.256730e+00	5.835641e+00
3.940000e+00	6.451886e+00	2.772236e+00	4.543334e+00	0.000000e+00	0.000000e+00	-1.332268e-15	1.088012e+01	-5.499423e+00	5.899061e+00
3.950000e+00	6.425957e+00	2.758316e+00	4.525489e+00	0.000000e+00	0.000000e+00	-4.440892e-16	1.098784e+01	-5.731528e+00	5.948428e+00
3.960000e+00	6.385877e+00	2.736803e+00	4.497905e+00	4.440892e-16	-3.330669e-16	-4.440892e-16	1.107577e+01	-5.953050e+00	5.983928e+00
3.970000e+00	6.331963e+00	2.707870e+00	4.460799e+00	4.440892e-16	-2.220446e-16	-8.881784e-16	1.114520e+01	-6.163980e+00	6.005716e+00
3.980000e+00	6.264636e+00	2.671749e+00	4.414460e+00	0.000000e+00	0.000000e+00	0.000000e+00	1.119744e+01	-6.364269e+00	6.013904e+00
3.990000e+00	6.184413e+00	2.628724e+00	4.359242e+00	4.440892e-16	2.220446e-16	0.000000e+00	1.123378e+01	-6.553823e+00	6.008558e+00
4.000000e+00	6.091896e+00	2.579127e+00	4.295560e+00	-4.440892e-16	-2.220446e-16	-4.440892e-16	1.125548e+01	-6.732482e+00	5.989696e+00
4.010000e+00	5.987766e+00	2.523332e+00	4.223880e+00	-4.440892e-16	-2.220446e-16	0.000000e+00	1.126373e+01	-6.900012e+00	5.957295e+00
4.020000e+00	5.872766e+00	2.461747e+00	4.144712e+00	4.440892e-16	0.000000e+00	-4.440892e-16	1.125960e+01	-7.056094e+00	5.911306e+00
4.030000e+00	5.747691e+00	2.394811e+00	4.058602e+00	8.881784e-16	-2.220446e-16	-8.881784e-16	1.124405e+01	-7.200320e+00	5.851671e+00
4.040000e+00	5.613379e+00	2.322983e+00	3.966125e+00	0.000000e+00	0.000000e+00	0.000000e+00	1.121788e+01	-7.332185e+00	5.778351e+00
4.050000e+00	5.470690e+00	2.246738e+00	3.867870e+00	0.000000e+00	-2.220446e-16	-4.440892e-16	1.118172e+01	-7.451092e+00	5.691346e+00
4.060000e+00	5.320503e+00	2.166559e+00	3.764442e+00	-4.440892e-16	-2.220446e-16	-4.440892e-16	1.113601e+01	-7.556351e+00	5.590732e+00
4.070000e+00	5.163699e+00	2.082932e+00	3.656445e+00	0.000000e+00	-2.220446e-16	-8.881784e-16	1.108099e+01	-7.647184e+00	5.476680e+00
4.080000e+00	5.001154e+00	1.996338e+00	3.544479e+00	-4.440892e-16	-2.220446e-16	-8.881784e-16	1.101671e+01	-7.722740e+00	5.349483e+00
4.090000e+00	4.833726e+00	1.907250e+00	3.429133e+00	0.000000e+00	-1.110223e-16	0.000000e+00	1.094303e+01	-7.782102e+00	5.209569e+00
4.100000e+00	4.662250e+00	1.816129e+00	3.310981e+00	4.440892e-16	-3.330669e-16	-4.440892e-16	1.085960e+01	-7.824305e+00	5.057507e+00
4.110000e+00	4.487528e+00	1.723416e+00	3.190572e+00	-4.440892e-16	-1.110223e-16	-2.220446e-16	1.076589e+01	-7.848354e+00	4.894008e+00
4.120000e+00	4.310325e+00	1.629534e+00	3.068431e+00	-4.440892e-16	-2.220446e-16	2.220446e-16	1.066121e+01	-7.853244e+00	4.719910e+00
4.130000e+00	4.131363e+00	1.534881e+00	2.945055e+00	2.220446e-16	-3.330669e-16	-4.440892e-16	1.054474e+01	-7.837980e+00	4.536157e+00
4.140000e+00	3.951319e+00	1.439831e+00	2.820906e+00	2.220446e-16	-1.110223e-16	-2.220446e-16	1.041553e+01	-7.801604e+00	4.343776e+00
4.150000e+00	3.770822e+00	1.344731e+00	2.696417e+00	2.220446e-16	-2.220446e-16	-4.440892e-16	1.027254e+01	-7.743214e+00	4.143836e+00
4.160000e+00	3.590451e+00	1.249902e+00	2.571983e+00	0.000000e+00	-1.110223e-16	-2.220446e-16	1.011467e+01	-7.661993e+00	3.937422e+00
4.170000e+00	3.410733e+00	1.155636e+00	2.447968e+00	0.000000e+00	0.000000e+00	-2.220446e-16	9.940808e+00	-7.557228e+00	3.725590e+00
4.180000e+00	3.232147e+00	1.062198e+00	2.324699e+00	-4.440892e-16	1.110223e-16	-4.440892e-16	9.749826e+00	-7.428335e+00	3.509338e+00
4.190000e+00	3.055123e+00	9.698272e-01	2.202471e+00	0.000000e+00	0.000000e+00	-2.220446e-16	9.540648e+00	-7.274878e+00	3.289574e+00
4.200000e+00	2.880041e+00	8.787348e-01	2.081545e+00	4.440892e-16	0.000000e+00	-4.440892e-16	9.312266e+00	-7.096587e+00	3.067089e+00
4.210000e+00	2.707239e+00	7.891085e-01	1.962151e+00	0.000000e+00	5.551115e-17	-4.440892e-16	9.063772e+00	-6.893376e+00	2.842539e+00
4.220000e+00	2.537010e+00	7.011122e-01	1.844491e+00	4.440892e-16	-1.665335e-16	-6.661338e-16	8.794386e+00	-6.665354e+00	2.616426e+00
4.230000e+00	2.369605e+00	6.148869e-01	1.728737e+00	-2.220446e-16	-2.775558e-17	-2.220446e-16	8.503481e+00	-6.412835e+00	2.389095e+00
4.240000e+00	2.205240e+00	5.305533e-01	1.615035e+00	0.000000e+00	-8.326673e-17	-4.440892e-16	8.190608e+00	-6.136345e+00	2.160729e+00
4.250000e+00	2.044092e+00	4.482126e-01	1.503509e+00	3.330669e-16	-8.326673e-17	-2.220446e-16	7.855507e+00	-5.836622e+00	1.931351e+00
4.260000e+00	1.886310e+00	3.679483e-01	1.394259e+00	1.110223e-16	0.000000e+00	-2.220446e-16	7.498128e+00	-5.514616e+00	1.700839e+00
4.270000e+00	1.732011e+00	2.898279e-01	1.287365e+00	1.110223e-16	6.938894e-17	-2.220446e-16	7.118634e+00	-5.171486e+00	1.468934e+00
4.280000e+00	1.581286e+00	2.139041e-01	1.182889e+00	-2.220446e-16	-8.326673e-17	0.000000e+00	6.717411e+00	-4.808587e+00	1.235270e+00
4.290000e+00	1.434202e+00	1.402166e-01	1.080878e+00	2.220446e-16	5.551115e-17	-5.551115e-16	6.295065e+00	-4.427464e+00	9.993997e-01
4.300000e+00	1.290805e+00	6.879349e-02	9.813613e-01	-1.110223e-16	5.551115e-17	-2.220446e-16	5.852420e+00	-4.029830e+00	7.608350e-01
4.310000e+00	1.151123e+00	-3.477318e-04	8.843583e-01	1.110223e-16	-1.110223e-16	0.000000e+00	5.390509e+00	-3.617558e+00	5.190980e-01
4.320000e+00	1.015166e+00	-6.719857e-02	7.898759e-01	-1.110223e-16	0.000000e+00	-2.220446e-16	4.910565e+00	-3.192650e+00	2.737835e-01
4.330000e+00	8.829312e-01	-1.317585e-01	6.979112e-01	1.110223e-16	-5.551115e-17	-2.220446e-16	4.414004e+00	-2.757226e+00	2.463668e-02
4.340000e+00	7.544018e-01	-1.940339e-01	6.084528e-01	8.326673e-17	0.000000e+00	-2.220446e-16	3.902409e+00	-2.313492e+00	-2.283530e-01
4.350000e+00	6.295516e-01	-2.540369e-01	5.214822e-01	-5.551115e-17	0.000000e+00	0.000000e+00	3.377506e+00	-1.863723e+00	-4.848416e-01
4.360000e+00	5.083452e-01	-3.117849e-01	4.369749e-01	1.387779e-17	2.220446e-16	-2.220446e-16	2.841149e+00	-1.410232e+00	-7.440055e-01
4.370000e+00	3.907398e-01	-3.672993e-01	3.549010e-01	-5.551115e-17	1.110223e-16	-2.220446e-16	2.295287e+00	-9.553493e-01	-1.004405e+00
4.380000e+00	2.766866e-01	-4.206050e-01	2.752269e-01	5.551115e-17	0.000000e+00	-1.110223e-16	1.741947e+00	-5.013974e-01	-1.263847e+00
4.390000e+00	1.661319e-01	-4.717297e-01	1.979153e-01	-5.551115e-17	2.220446e-16	0.000000e+00	1.183206e+00	-5.066588e-02	-1.519254e+00
4.400000e+00	5.901809e-02	-5.207033e-01	1.229266e-01	4.163336e-17	0.000000e+00	-1.110223e-16	6.211642e-01	3.946102e-01	-1.766568e+00
4.410000e+00	-4.471502e-02	-5.675575e-01	5.021921e-02	-2.775558e-17	1.110223e-16	5.551115e-17	5.792356e-02	8.322709e-01	-2.000698e+00
4.420000e+00	-1.451298e-01	-6.123252e-01	-2.024992e-02	-5.551115e-17	0.000000e+00	0.000000e+00	-5.044367e-01	1.260251e+00	-2.215558e+00
4.430000e+00	-2.422898e-01	-6.550403e-01	-8.852459e-02	5.551115e-17	3.330669e-16	-2.498002e-16	-1.063881e+00	1.676595e+00	-2.404203e+00
4.440000e+00	-3.362594e-01	-6.957370e-01	-1.546490e-01	5.551115e-17	2.220446e-16	2.775558e-17	-1.618438e+00	2.079473e+00	-2.559096e+00
4.450000e+00	-4.271029e-01	-7.344502e-01	-2.186676e-01	-5.551115e-17	0.000000e+00	-1.387779e-16	-2.166214e+00	2.467193e+00	-2.672517e+00
4.460000e+00	-5.148844e-01	-7.712145e-01	-2.806243e-01	5.551115e-17	0.000000e+00	1.665335e-16	-2.705410e+00	2.838205e+00	-2.737103e+00
4.470000e+00	-5.996674e-01	-8.060644e-01	-3.405627e-01	0.000000e+00	3.330669e-16	5.551115e-17	-3.234329e+00	3.191112e+00	-2.746479e+00
4.480000e+00	-6.815140e-01	-8.390340e-01	-3.985256e-01	5.551115e-17	-1.110223e-16	-2.775558e-16	-3.751385e+00	3.524669e+00	-2.695940e+00
4.490000e+00	-7.604856e-01	-8.701572e-01	-4.545549e-01	-1.110223e-16	1.110223e-16	-1.110223e-16	-4.255100e+00	3.837785e+00	-2.583081e+00
4.500000e+00	-8.366415e-01	-8.994671e-01	-5.086914e-01	0.000000e+00	1.110223e-16	-6.245005e-17	-4.744107e+00	4.129519e+00	-2.408300e+00
4.510000e+00	-9.100399e-01	-9.269963e-01	-5.609749e-01	1.110223e-16	1.110223e-16	6.938894e-18	-5.217140e+00	4.399074e+00	-2.175078e+00
4.520000e+00	-9.807369e-01	-9.527764e-01	-6.114438e-01	-1.110223e-16	5.551115e-17	9.714451e-17	-5.673025e+00	4.645792e+00	-1.889985e+00
4.530000e+00	-1.048787e+00	-9.768386e-01	-6.601352e-01	0.000000e+00	1.110223e-16	-1.387779e-16	-6.110662e+00	4.869143e+00	-1.562384e+00
4.540000e+00	-1.114242e+00	-9.992132e-01	-7.070850e-01	0.000000e+00	-5.551115e-17	2.081668e-16	-6.529010e+00	5.068715e+00	-1.203849e+00
4.550000e+00	-1.177154e+00	-1.019930e+00	-7.523276e-01	0.000000e+00	2.775558e-17	2.775558e-17	-6.927064e+00	5.244206e+00	-8.273794e-01
4.560000e+00	-1.237571e+00	-1.039017e+00	-7.958962e-01	1.110223e-16	0.000000e+00	1.110223e-16	-7.303828e+00	5.395411e+00	-4.465011e-01
4.570000e+00	-1.295539e+00	-1.056503e+00	-8.378225e-01	1.110223e-16	0.000000e+00	2.220446e-16	-7.658298e+00	5.522218e+00	-7.435631e-02
4.580000e+00	-1.351104e+00	-1.072415e+00	-8.781372e-01	-1.110223e-16	-6.938894e-18	-2.775558e-17	-7.989434e+00	5.624598e+00	2.771048e-01
4.590000e+00	-1.404309e+00	-1.086779e+00	-9.168693e-01	-1.110223e-16	-1.387779e-17	-1.665335e-16	-8.296145e+00	5.702606e+00	5.977618e-01
4.600000e+00	-1.455195e+00	-1.099622e+00	-9.540470e-01	0.000000e+00	5.551115e-17	5.551115e-17	-8.577274e+00	5.756383e+00	8.797442e-01
4.610000e+00	-1.503802e+00	-1.110969e+00	-9.896970e-01	0.000000e+00	0.000000e+00	1.110223e-16	-8.831598e+00	5.786163e+00	1.117626e+00
4.620000e+00	-1.550169e+00	-1.120845e+00	-1.023845e+00	-1.110223e-16	5.551115e-17	-2.220446e-16	-9.057833e+00	5.792285e+00	1.308409e+00
4.630000e+00	-1.594333e+00	-1.129273e+00	-1.056516e+00	0.000000e+00	-2.220446e-16	1.110223e-16	-9.254660e+00	5.775212e+00	1.451340e+00
4.640000e+00	-1.636328e+00	-1.136279e+00	-1.087734e+00	1.110223e-16	0.000000e+00	2.220446e-16	-9.420763e+00	5.735554e+00	1.547595e+00
4.650000e+00	-1.676190e+00	-1.141885e+00	-1.117521e+00	0.000000e+00	1.110223e-16	-5.551115e-17	-9.554883e+00	5.674091e+00	1.599901e+00
4.660000e+00	-1.713951e+00	-1.146115e+00	-1.145899e+00	0.000000e+00	-1.110223e-16	1.665335e-16	-9.655887e+00	5.591799e+00	1.612109e+00
4.670000e+00	-1.749644e+00	-1.148992e+00	-1.172890e+00	0.000000e+00	-2.220446e-16	1.110223e-16	-9.722851e+00	5.489871e+00	1.588780e+00
4.680000e+00	-1.783300e+00	-1.150538e+00	-1.198514e+00	0.000000e+00	-1.110223e-16	2.220446e-16	-9.755146e+00	5.369734e+00	1.534792e+00
4.690000e+00	-1.814948e+00	-1.150776e+00	-1.222792e+00	-1.110223e-16	-2.220446e-16	2.775558e-16	-9.752523e+00	5.233055e+00	1.454992e+00
4.700000e+00	-1.844620e+00	-1.149728e+00	-1.245742e+00	0.000000e+00	-4.440892e-16	2.775558e-16	-9.715191e+00	5.081730e+00	1.353903e+00
4.710000e+00	-1.872343e+00	-1.147417e+00	-1.267384e+00	-4.440892e-16	-2.220446e-16	1.110223e-16	-9.643869e+00	4.917859e+00	1.235486e+00
4.720000e+00	-1.898148e+00	-1.143866e+00	-1.287736e+00	0.000000e+00	-3.330669e-16	2.220446e-16	-9.539820e+00	4.743713e+00	1.102971e+00
4.730000e+00	-1.922061e+00	-1.139097e+00	-1.306817e+00	0.000000e+00	-2.220446e-16	2.220446e-16	-9.404842e+00	4.561668e+00	9.587444e-01
4.740000e+00	-1.944111e+00	-1.133134e+00	-1.324645e+00	0.000000e+00	-3.330669e-16	2.220446e-16	-9.241233e+00	4.374146e+00	8.042956e-01
4.750000e+00	-1.964326e+00	-1.125998e+00	-1.341237e+00	0.000000e+00	-3.330669e-16	3.330669e-16	-9.051715e+00	4.183539e+00	6.402241e-01
4.760000e+00	-1.982733e+00	-1.117713e+00	-1.356613e+00	2.220446e-16	2.220446e-16	1.110223e-16	-8.839334e+00	3.992127e+00	4.662958e-01
4.770000e+00	-1.999361e+00	-1.108304e+00	-1.370788e+00	0.000000e+00	5.551115e-17	2.220446e-16	-8.607339e+00	3.802011e+00	2.815479e-01
4.780000e+00	-2.014238e+00	-1.097793e+00	-1.383783e+00	0.000000e+00	5.551115e-17	3.330669e-16	-8.359054e+00	3.615049e+00	8.443405e-02
4.790000e+00	-2.027391e+00	-1.086205e+00	-1.395614e+00	-2.220446e-16	-2.220446e-16	3.330669e-16	-8.097746e+00	3.432807e+00	-1.269957e-01
4.800000e+00	-2.038849e+00	-1.073566e+00	-1.406300e+00	0.000000e+00	-2.775558e-16	2.220446e-16	-7.826509e+00	3.256524e+00	-3.548871e-01
4.810000e+00	-2.048642e+00	-1.059899e+00	-1.415859e+00	-2.220446e-16	-5.551115e-17	4.440892e-16	-7.548172e+00	3.087102e+00	-6.013536e-01
4.820000e+00	-2.056798e+00	-1.045231e+00	-1.424310e+00	0.000000e+00	5.551115e-17	4.440892e-16	-7.265218e+00	2.925102e+00	-8.682350e-01
4.830000e+00	-2.063347e+00	-1.029589e+00	-1.431672e+00	2.220446e-16	-1.110223e-16	1.110223e-16	-6.979744e+00	2.770763e+00	-1.156851e+00
4.840000e+00	-2.068321e+00	-1.012998e+00	-1.437965e+00	0.000000e+00	3.330669e-16	3.330669e-16	-6.693435e+00	2.624025e+00	-1.467763e+00
4.850000e+00	-2.071750e+00	-9.954873e-01	-1.443209e+00	0.000000e+00	1.665335e-16	0.000000e+00	-6.407568e+00	2.484568e+00	-1.800545e+00
4.860000e+00	-2.073665e+00	-9.770840e-01	-1.447423e+00	0.000000e+00	0.000000e+00	3.330669e-16	-6.123030e+00	2.351847e+00	-2.153596e+00
4.870000e+00	-2.074101e+00	-9.578172e-01	-1.450628e+00	0.000000e+00	2.220446e-16	3.330669e-16	-5.840355e+00	2.225137e+00	-2.523991e+00
4.880000e+00	-2.073091e+00	-9.377162e-01	-1.452847e+00	0.000000e+00	0.000000e+00	2.220446e-16	-5.559761e+00	2.103575e+00	-2.907406e+00
4.890000e+00	-2.070668e+00	-9.168111e-01	-1.454101e+00	2.220446e-16	2.220446e-16	3.330669e-16	-5.281206e+00	1.986194e+00	-3.298116e+00
4.900000e+00	-2.066869e+00	-8.951328e-01	-1.454413e+00	0.000000e+00	2.220446e-16	2.220446e-16	-5.004436e+00	1.871964e+00	-3.689099e+00
4.910000e+00	-2.061730e+00	-8.727128e-01	-1.453805e+00	-2.220446e-16	3.330669e-16	2.220446e-16	-4.729032e+00	1.759825e+00	-4.072245e+00
4.920000e+00	-2.055287e+00	-8.495833e-01	-1.452303e+00	-1.110223e-16	0.000000e+00	1.110223e-16	-4.454460e+00	1.648708e+00	-4.438672e+00
4.930000e+00	-2.047581e+00	-8.257771e-01	-1.449930e+00	3.330669e-16	2.220446e-16	2.220446e-16	-4.180113e+00	1.537570e+00	-4.779137e+00
4.940000e+00	-2.038649e+00	-8.013280e-01	-1.446711e+00	0.000000e+00	1.110223e-16	2.220446e-16	-3.905346e+00	1.425403e+00	-5.084522e+00
4.950000e+00	-2.028532e+00	-7.762704e-01	-1.442673e+00	2.220446e-16	0.000000e+00	3.330669e-16	-3.629515e+00	1.311263e+00	-5.346353e+00
4.960000e+00	-2.017273e+00	-7.506391e-01	-1.437843e+00	-2.220446e-16	1.110223e-16	3.330669e-16	-3.351998e+00	1.194274e+00	-5.557312e+00
4.970000e+00	-2.004913e+00	-7.244701e-01	-1.432247e+00	0.000000e+00	0.000000e+00	4.440892e-16	-3.072224e+00	1.073645e+00	-5.711684e+00
4.980000e+00	-1.991496e+00	-6.977997e-01	-1.425914e+00	0.000000e+00	4.440892e-16	3.330669e-16	-2.789690e+00	9.486789e-01	-5.805705e+00
4.990000e+00	-1.977067e+00	-6.706650e-01	-1.418873e+00	-1.110223e-16	1.110223e-16	1.110223e-16	-2.503974e+00	8.187805e-01	-5.837766e+00
5.000000e+00	-1.961672e+00	-6.431037e-01	-1.411153e+00	0.000000e+00	0.000000e+00	1.110223e-16	-2.214750e+00	6.834607e-01	-5.808451e+00


