"DMS_Project"

"Time      "	".A1.Translational_Displacement.Y"	".D1.Translational_Displacement.Y"	".M1.Translational_Displacement.Y"	".O1.Translational_Displacement.Y"	".H7.Translational_Displacement.Y"	".N5.Translational_Displacement.Y"	".C2.Translational_Displacement.Y"	".G2.Translational_Displacement.Y"	".K3.Translational_Displacement.Y"
0.000000e+00	-1.900000e+00	-4.000000e-01	-1.400000e+00	5.551115e-16	-2.000000e-01	-8.000000e-01	-1.400000e+00	4.000000e-01	-1.900000e+00
1.000000e-02	-1.919929e+00	-4.151431e-01	-1.413053e+00	-2.220446e-16	-2.000000e-01	-8.000000e-01	-1.422219e+00	3.993717e-01	-1.909963e+00
2.000000e-02	-1.939838e+00	-4.303209e-01	-1.426086e+00	1.110223e-16	-2.000000e-01	-8.000000e-01	-1.443846e+00	3.981774e-01	-1.920293e+00
3.000000e-02	-1.959720e+00	-4.455284e-01	-1.439093e+00	-1.557421e-12	-2.000000e-01	-8.000000e-01	-1.464870e+00	3.963998e-01	-1.931003e+00
4.000000e-02	-1.979567e+00	-4.607604e-01	-1.452071e+00	-1.602940e-12	-2.000000e-01	-8.000000e-01	-1.485283e+00	3.940247e-01	-1.942102e+00
5.000000e-02	-1.999372e+00	-4.760116e-01	-1.465013e+00	3.330669e-16	-2.000000e-01	-8.000000e-01	-1.505081e+00	3.910414e-01	-1.953592e+00
6.000000e-02	-2.019129e+00	-4.912769e-01	-1.477915e+00	2.220446e-16	-2.000000e-01	-8.000000e-01	-1.524264e+00	3.874425e-01	-1.965469e+00
7.000000e-02	-2.038828e+00	-5.065510e-01	-1.490773e+00	5.551115e-16	-2.000000e-01	-8.000000e-01	-1.542834e+00	3.832240e-01	-1.977727e+00
8.000000e-02	-2.058464e+00	-5.218287e-01	-1.503581e+00	-1.110223e-16	-2.000000e-01	-8.000000e-01	-1.560800e+00	3.783851e-01	-1.990355e+00
9.000000e-02	-2.078030e+00	-5.371045e-01	-1.516335e+00	-3.330669e-16	-2.000000e-01	-8.000000e-01	-1.578170e+00	3.729287e-01	-2.003343e+00
1.000000e-01	-2.097517e+00	-5.523733e-01	-1.529030e+00	-3.330669e-16	-2.000000e-01	-8.000000e-01	-1.594959e+00	3.668609e-01	-2.016677e+00
1.100000e-01	-2.116919e+00	-5.676297e-01	-1.541662e+00	3.330669e-16	-2.000000e-01	-8.000000e-01	-1.611184e+00	3.601909e-01	-2.030342e+00
1.200000e-01	-2.136230e+00	-5.828683e-01	-1.554226e+00	1.110223e-16	-2.000000e-01	-8.000000e-01	-1.626864e+00	3.529313e-01	-2.044324e+00
1.300000e-01	-2.155441e+00	-5.980838e-01	-1.566717e+00	7.771561e-16	-2.000000e-01	-8.000000e-01	-1.642022e+00	3.450977e-01	-2.058610e+00
1.400000e-01	-2.174547e+00	-6.132707e-01	-1.579132e+00	5.551115e-16	-2.000000e-01	-8.000000e-01	-1.656683e+00	3.367087e-01	-2.073185e+00
1.500000e-01	-2.193540e+00	-6.284236e-01	-1.591464e+00	-7.771561e-16	-2.000000e-01	-8.000000e-01	-1.670875e+00	3.277854e-01	-2.088036e+00
1.600000e-01	-2.212414e+00	-6.435371e-01	-1.603712e+00	-4.440892e-16	-2.000000e-01	-8.000000e-01	-1.684627e+00	3.183517e-01	-2.103152e+00
1.700000e-01	-2.231162e+00	-6.586057e-01	-1.615869e+00	2.220446e-16	-2.000000e-01	-8.000000e-01	-1.697970e+00	3.084337e-01	-2.118521e+00
1.800000e-01	-2.249777e+00	-6.736237e-01	-1.627931e+00	4.440892e-16	-2.000000e-01	-8.000000e-01	-1.710937e+00	2.980598e-01	-2.134134e+00
1.900000e-01	-2.268253e+00	-6.885859e-01	-1.639895e+00	-8.881784e-16	-2.000000e-01	-8.000000e-01	-1.723560e+00	2.872600e-01	-2.149980e+00
2.000000e-01	-2.286583e+00	-7.034864e-01	-1.651756e+00	6.661338e-16	-2.000000e-01	-8.000000e-01	-1.735876e+00	2.760660e-01	-2.166053e+00
2.100000e-01	-2.304761e+00	-7.183198e-01	-1.663510e+00	-4.440892e-16	-2.000000e-01	-8.000000e-01	-1.747917e+00	2.645108e-01	-2.182345e+00
2.200000e-01	-2.322780e+00	-7.330805e-01	-1.675153e+00	2.220446e-16	-2.000000e-01	-8.000000e-01	-1.759720e+00	2.526283e-01	-2.198850e+00
2.300000e-01	-2.340634e+00	-7.477626e-01	-1.686681e+00	-3.277378e-12	-2.000000e-01	-8.000000e-01	-1.771318e+00	2.404533e-01	-2.215563e+00
2.400000e-01	-2.358317e+00	-7.623606e-01	-1.698090e+00	-3.439471e-12	-2.000000e-01	-8.000000e-01	-1.782745e+00	2.280209e-01	-2.232479e+00
2.500000e-01	-2.375822e+00	-7.768687e-01	-1.709376e+00	-3.613110e-12	-2.000000e-01	-8.000000e-01	-1.794035e+00	2.153663e-01	-2.249594e+00
2.600000e-01	-2.393143e+00	-7.912811e-01	-1.720535e+00	-3.799627e-12	-2.000000e-01	-8.000000e-01	-1.805218e+00	2.025245e-01	-2.266904e+00
2.700000e-01	-2.410275e+00	-8.055919e-01	-1.731563e+00	-3.999467e-12	-2.000000e-01	-8.000000e-01	-1.816326e+00	1.895302e-01	-2.284405e+00
2.800000e-01	-2.427211e+00	-8.197953e-01	-1.742457e+00	-4.214185e-12	-2.000000e-01	-8.000000e-01	-1.827386e+00	1.764173e-01	-2.302093e+00
2.900000e-01	-2.443944e+00	-8.338854e-01	-1.753213e+00	-4.443335e-12	-2.000000e-01	-8.000000e-01	-1.838425e+00	1.632187e-01	-2.319965e+00
3.000000e-01	-2.460470e+00	-8.478562e-01	-1.763826e+00	-4.690026e-12	-2.000000e-01	-8.000000e-01	-1.849467e+00	1.499663e-01	-2.338016e+00
3.100000e-01	-2.476782e+00	-8.617017e-01	-1.774294e+00	-4.953371e-12	-2.000000e-01	-8.000000e-01	-1.860533e+00	1.366904e-01	-2.356242e+00
3.200000e-01	-2.492874e+00	-8.754157e-01	-1.784613e+00	-5.235368e-12	-2.000000e-01	-8.000000e-01	-1.871643e+00	1.234198e-01	-2.374637e+00
3.300000e-01	-2.508740e+00	-8.889921e-01	-1.794778e+00	-5.535794e-12	-2.000000e-01	-8.000000e-01	-1.882813e+00	1.101817e-01	-2.393195e+00
3.400000e-01	-2.524375e+00	-9.024248e-01	-1.804788e+00	-5.856426e-12	-2.000000e-01	-8.000000e-01	-1.894057e+00	9.700131e-02	-2.411910e+00
3.500000e-01	-2.539773e+00	-9.157075e-01	-1.814637e+00	-6.197709e-12	-2.000000e-01	-8.000000e-01	-1.905384e+00	8.390201e-02	-2.430773e+00
3.600000e-01	-2.554927e+00	-9.288338e-01	-1.824323e+00	-6.560752e-12	-2.000000e-01	-8.000000e-01	-1.916804e+00	7.090511e-02	-2.449776e+00
3.700000e-01	-2.569833e+00	-9.417974e-01	-1.833843e+00	-6.946221e-12	-2.000000e-01	-8.000000e-01	-1.928319e+00	5.802987e-02	-2.468909e+00
3.800000e-01	-2.584485e+00	-9.545917e-01	-1.843192e+00	-7.353451e-12	-2.000000e-01	-8.000000e-01	-1.939933e+00	4.529352e-02	-2.488162e+00
3.900000e-01	-2.598877e+00	-9.672103e-01	-1.852368e+00	-7.783107e-12	-2.000000e-01	-8.000000e-01	-1.951644e+00	3.271121e-02	-2.507523e+00
4.000000e-01	-2.613004e+00	-9.796465e-01	-1.861367e+00	-8.235634e-12	-2.000000e-01	-8.000000e-01	-1.963449e+00	2.029610e-02	-2.526980e+00
4.100000e-01	-2.626860e+00	-9.918936e-01	-1.870186e+00	-8.710144e-12	-2.000000e-01	-8.000000e-01	-1.975340e+00	8.059358e-03	-2.546520e+00
4.200000e-01	-2.640439e+00	-1.003945e+00	-1.878822e+00	-9.204859e-12	-2.000000e-01	-8.000000e-01	-1.987309e+00	-3.989682e-03	-2.566130e+00
4.300000e-01	-2.653736e+00	-1.015794e+00	-1.887272e+00	-9.720003e-12	-2.000000e-01	-8.000000e-01	-1.999343e+00	-1.584348e-02	-2.585794e+00
4.400000e-01	-2.666746e+00	-1.027433e+00	-1.895532e+00	-1.025313e-11	-2.000000e-01	-8.000000e-01	-2.011430e+00	-2.749616e-02	-2.605499e+00
4.500000e-01	-2.679463e+00	-1.038855e+00	-1.903599e+00	-1.080114e-11	-2.000000e-01	-8.000000e-01	-2.023553e+00	-3.894338e-02	-2.625229e+00
4.600000e-01	-2.691882e+00	-1.050054e+00	-1.911471e+00	-1.136158e-11	-2.000000e-01	-8.000000e-01	-2.035693e+00	-5.018218e-02	-2.644970e+00
4.700000e-01	-2.703997e+00	-1.061022e+00	-1.919143e+00	-1.192912e-11	-2.000000e-01	-8.000000e-01	-2.047832e+00	-6.121087e-02	-2.664705e+00
4.800000e-01	-2.715803e+00	-1.071752e+00	-1.926614e+00	-1.250067e-11	-2.000000e-01	-8.000000e-01	-2.059947e+00	-7.202883e-02	-2.684419e+00
4.900000e-01	-2.727295e+00	-1.082237e+00	-1.933880e+00	-1.306910e-11	-2.000000e-01	-8.000000e-01	-2.072017e+00	-8.263640e-02	-2.704096e+00
5.000000e-01	-2.738468e+00	-1.092470e+00	-1.940938e+00	-1.362821e-11	-2.000000e-01	-8.000000e-01	-2.084016e+00	-9.303471e-02	-2.723722e+00
5.100000e-01	-2.749315e+00	-1.102442e+00	-1.947786e+00	-1.417022e-11	-2.000000e-01	-8.000000e-01	-2.095920e+00	-1.032255e-01	-2.743280e+00
5.200000e-01	-2.759833e+00	-1.112148e+00	-1.954419e+00	-1.468625e-11	-2.000000e-01	-8.000000e-01	-2.107704e+00	-1.132110e-01	-2.762755e+00
5.300000e-01	-2.770016e+00	-1.121578e+00	-1.960837e+00	-1.516587e-11	-2.000000e-01	-8.000000e-01	-2.119340e+00	-1.229937e-01	-2.782131e+00
5.400000e-01	-2.779859e+00	-1.130726e+00	-1.967035e+00	-1.559997e-11	-2.000000e-01	-8.000000e-01	-2.130801e+00	-1.325764e-01	-2.801394e+00
5.500000e-01	-2.789356e+00	-1.139585e+00	-1.973011e+00	-1.597567e-11	-2.000000e-01	-8.000000e-01	-2.142062e+00	-1.419618e-01	-2.820528e+00
5.600000e-01	-2.798503e+00	-1.148146e+00	-1.978762e+00	-1.628275e-11	-2.000000e-01	-8.000000e-01	-2.153094e+00	-1.511527e-01	-2.839516e+00
5.700000e-01	-2.807295e+00	-1.156403e+00	-1.984286e+00	-1.650746e-11	-2.000000e-01	-8.000000e-01	-2.163870e+00	-1.601513e-01	-2.858344e+00
5.800000e-01	-2.815727e+00	-1.164348e+00	-1.989580e+00	-1.663869e-11	-2.000000e-01	-8.000000e-01	-2.174363e+00	-1.689599e-01	-2.876993e+00
5.900000e-01	-2.823794e+00	-1.171974e+00	-1.994641e+00	-1.666423e-11	-2.000000e-01	-8.000000e-01	-2.184547e+00	-1.775802e-01	-2.895446e+00
6.000000e-01	-2.831492e+00	-1.179272e+00	-1.999467e+00	-1.657452e-11	-2.000000e-01	-8.000000e-01	-2.194396e+00	-1.860132e-01	-2.913686e+00
6.100000e-01	-2.838816e+00	-1.186238e+00	-2.004055e+00	-1.635869e-11	-2.000000e-01	-8.000000e-01	-2.203884e+00	-1.942596e-01	-2.931692e+00
6.200000e-01	-2.845762e+00	-1.192862e+00	-2.008404e+00	-1.601075e-11	-2.000000e-01	-8.000000e-01	-2.212987e+00	-2.023190e-01	-2.949444e+00
6.300000e-01	-2.852325e+00	-1.199138e+00	-2.012511e+00	-1.552536e-11	-2.000000e-01	-8.000000e-01	-2.221682e+00	-2.101904e-01	-2.966918e+00
6.400000e-01	-2.858501e+00	-1.205060e+00	-2.016373e+00	-1.490164e-11	-2.000000e-01	-8.000000e-01	-2.229946e+00	-2.178721e-01	-2.984090e+00
6.500000e-01	-2.864287e+00	-1.210621e+00	-2.019989e+00	-1.414180e-11	-2.000000e-01	-8.000000e-01	-2.237759e+00	-2.253611e-01	-3.000932e+00
6.600000e-01	-2.869677e+00	-1.215815e+00	-2.023356e+00	-1.325229e-11	-2.000000e-01	-8.000000e-01	-2.245100e+00	-2.326538e-01	-3.017416e+00
6.700000e-01	-2.874670e+00	-1.220636e+00	-2.026473e+00	-1.224509e-11	-2.000000e-01	-8.000000e-01	-2.251950e+00	-2.397453e-01	-3.033509e+00
6.800000e-01	-2.879260e+00	-1.225078e+00	-2.029337e+00	-1.113509e-11	-2.000000e-01	-8.000000e-01	-2.258294e+00	-2.466297e-01	-3.049176e+00
6.900000e-01	-2.883446e+00	-1.229136e+00	-2.031948e+00	-9.942269e-12	-2.000000e-01	-8.000000e-01	-2.264117e+00	-2.532999e-01	-3.064381e+00
7.000000e-01	-2.887223e+00	-1.232804e+00	-2.034303e+00	-8.693490e-12	-2.000000e-01	-8.000000e-01	-2.269404e+00	-2.597478e-01	-3.079083e+00
7.100000e-01	-2.890590e+00	-1.236079e+00	-2.036402e+00	-7.415846e-12	-2.000000e-01	-8.000000e-01	-2.274144e+00	-2.659640e-01	-3.093242e+00
7.200000e-01	-2.893544e+00	-1.238956e+00	-2.038242e+00	-6.141754e-12	-2.000000e-01	-8.000000e-01	-2.278329e+00	-2.719377e-01	-3.106814e+00
7.300000e-01	-2.896083e+00	-1.241432e+00	-2.039824e+00	-4.906298e-12	-2.000000e-01	-8.000000e-01	-2.281950e+00	-2.776572e-01	-3.119754e+00
7.400000e-01	-2.898204e+00	-1.243503e+00	-2.041145e+00	-3.743450e-12	-2.000000e-01	-8.000000e-01	-2.285001e+00	-2.831093e-01	-3.132019e+00
7.500000e-01	-2.899906e+00	-1.245166e+00	-2.042204e+00	4.440892e-16	-2.000000e-01	-8.000000e-01	-2.287481e+00	-2.882794e-01	-3.143563e+00
7.600000e-01	-2.901188e+00	-1.246420e+00	-2.043002e+00	-4.440892e-16	-2.000000e-01	-8.000000e-01	-2.289388e+00	-2.931520e-01	-3.154343e+00
7.700000e-01	-2.902049e+00	-1.247262e+00	-2.043538e+00	2.220446e-16	-2.000000e-01	-8.000000e-01	-2.290722e+00	-2.977101e-01	-3.164318e+00
7.800000e-01	-2.902488e+00	-1.247691e+00	-2.043812e+00	-2.220446e-16	-2.000000e-01	-8.000000e-01	-2.291488e+00	-3.019355e-01	-3.173450e+00
7.900000e-01	-2.902505e+00	-1.247708e+00	-2.043822e+00	-2.220446e-16	-2.000000e-01	-8.000000e-01	-2.291691e+00	-3.058089e-01	-3.181703e+00
8.000000e-01	-2.902099e+00	-1.247311e+00	-2.043570e+00	0.000000e+00	-2.000000e-01	-8.000000e-01	-2.291340e+00	-3.093100e-01	-3.189045e+00
8.100000e-01	-2.901272e+00	-1.246502e+00	-2.043055e+00	-2.220446e-16	-2.000000e-01	-8.000000e-01	-2.290443e+00	-3.124176e-01	-3.195451e+00
8.200000e-01	-2.900023e+00	-1.245281e+00	-2.042278e+00	2.220446e-16	-2.000000e-01	-8.000000e-01	-2.289014e+00	-3.151095e-01	-3.200898e+00
8.300000e-01	-2.898355e+00	-1.243650e+00	-2.041238e+00	2.220446e-16	-2.000000e-01	-8.000000e-01	-2.287066e+00	-3.173631e-01	-3.205367e+00
8.400000e-01	-2.896267e+00	-1.241612e+00	-2.039938e+00	2.220446e-16	-2.000000e-01	-8.000000e-01	-2.284616e+00	-3.191556e-01	-3.208845e+00
8.500000e-01	-2.893762e+00	-1.239168e+00	-2.038378e+00	-4.440892e-16	-2.000000e-01	-8.000000e-01	-2.281679e+00	-3.204637e-01	-3.211322e+00
8.600000e-01	-2.890841e+00	-1.236323e+00	-2.036558e+00	-2.220446e-16	-2.000000e-01	-8.000000e-01	-2.278276e+00	-3.212647e-01	-3.212793e+00
8.700000e-01	-2.887507e+00	-1.233080e+00	-2.034480e+00	0.000000e+00	-2.000000e-01	-8.000000e-01	-2.274426e+00	-3.215363e-01	-3.213256e+00
8.800000e-01	-2.883762e+00	-1.229442e+00	-2.032145e+00	-4.440892e-16	-2.000000e-01	-8.000000e-01	-2.270148e+00	-3.212571e-01	-3.212709e+00
8.900000e-01	-2.879608e+00	-1.225415e+00	-2.029554e+00	2.220446e-16	-2.000000e-01	-8.000000e-01	-2.265465e+00	-3.204074e-01	-3.211154e+00
9.000000e-01	-2.875050e+00	-1.221004e+00	-2.026710e+00	0.000000e+00	-2.000000e-01	-8.000000e-01	-2.260397e+00	-3.189687e-01	-3.208596e+00
9.100000e-01	-2.870089e+00	-1.216213e+00	-2.023613e+00	-9.783729e-12	-2.000000e-01	-8.000000e-01	-2.254964e+00	-3.169250e-01	-3.205038e+00
9.200000e-01	-2.864730e+00	-1.211048e+00	-2.020266e+00	-1.096789e-11	-2.000000e-01	-8.000000e-01	-2.249186e+00	-3.142626e-01	-3.200484e+00
9.300000e-01	-2.858976e+00	-1.205516e+00	-2.016670e+00	-1.207101e-11	-2.000000e-01	-8.000000e-01	-2.243083e+00	-3.109708e-01	-3.194940e+00
9.400000e-01	-2.852831e+00	-1.199623e+00	-2.012827e+00	-1.307265e-11	-2.000000e-01	-8.000000e-01	-2.236672e+00	-3.070416e-01	-3.188410e+00
9.500000e-01	-2.846299e+00	-1.193374e+00	-2.008740e+00	-1.395706e-11	-2.000000e-01	-8.000000e-01	-2.229969e+00	-3.024707e-01	-3.180897e+00
9.600000e-01	-2.839384e+00	-1.186778e+00	-2.004411e+00	-1.471334e-11	-2.000000e-01	-8.000000e-01	-2.222990e+00	-2.972569e-01	-3.172406e+00
9.700000e-01	-2.832089e+00	-1.179839e+00	-1.999841e+00	-1.533329e-11	-2.000000e-01	-8.000000e-01	-2.215747e+00	-2.914023e-01	-3.162938e+00
9.800000e-01	-2.824421e+00	-1.172567e+00	-1.995034e+00	-1.581579e-11	-2.000000e-01	-8.000000e-01	-2.208252e+00	-2.849126e-01	-3.152497e+00
9.900000e-01	-2.816383e+00	-1.164967e+00	-1.989991e+00	-1.616307e-11	-2.000000e-01	-8.000000e-01	-2.200513e+00	-2.777966e-01	-3.141085e+00
1.000000e+00	-2.807980e+00	-1.157048e+00	-1.984716e+00	-1.637757e-11	-2.000000e-01	-8.000000e-01	-2.192539e+00	-2.700660e-01	-3.128704e+00
1.010000e+00	-2.799216e+00	-1.148815e+00	-1.979210e+00	-1.646749e-11	-2.000000e-01	-8.000000e-01	-2.184335e+00	-2.617356e-01	-3.115356e+00
1.020000e+00	-2.790097e+00	-1.140278e+00	-1.973477e+00	-1.644196e-11	-2.000000e-01	-8.000000e-01	-2.175906e+00	-2.528223e-01	-3.101047e+00
1.030000e+00	-2.780628e+00	-1.131443e+00	-1.967519e+00	-1.631162e-11	-2.000000e-01	-8.000000e-01	-2.167254e+00	-2.433453e-01	-3.085781e+00
1.040000e+00	-2.770812e+00	-1.122317e+00	-1.961338e+00	-1.608802e-11	-2.000000e-01	-8.000000e-01	-2.158381e+00	-2.333257e-01	-3.069566e+00
1.050000e+00	-2.760656e+00	-1.112909e+00	-1.954938e+00	-1.578293e-11	-2.000000e-01	-8.000000e-01	-2.149288e+00	-2.227859e-01	-3.052411e+00
1.060000e+00	-2.750165e+00	-1.103225e+00	-1.948322e+00	-1.540923e-11	-2.000000e-01	-8.000000e-01	-2.139976e+00	-2.117496e-01	-3.034330e+00
1.070000e+00	-2.739343e+00	-1.093273e+00	-1.941491e+00	-1.497780e-11	-2.000000e-01	-8.000000e-01	-2.130442e+00	-2.002413e-01	-3.015340e+00
1.080000e+00	-2.728197e+00	-1.083061e+00	-1.934450e+00	-1.449973e-11	-2.000000e-01	-8.000000e-01	-2.120687e+00	-1.882861e-01	-2.995462e+00
1.090000e+00	-2.716730e+00	-1.072596e+00	-1.927200e+00	-1.398726e-11	-2.000000e-01	-8.000000e-01	-2.110709e+00	-1.759094e-01	-2.974720e+00
1.100000e+00	-2.704948e+00	-1.061885e+00	-1.919746e+00	-1.344880e-11	-2.000000e-01	-8.000000e-01	-2.100506e+00	-1.631367e-01	-2.953145e+00
1.110000e+00	-2.692858e+00	-1.050936e+00	-1.912089e+00	-1.289302e-11	-2.000000e-01	-8.000000e-01	-2.090077e+00	-1.499933e-01	-2.930771e+00
1.120000e+00	-2.680463e+00	-1.039755e+00	-1.904233e+00	-1.232814e-11	-2.000000e-01	-8.000000e-01	-2.079422e+00	-1.365046e-01	-2.907636e+00
1.130000e+00	-2.667770e+00	-1.028350e+00	-1.896181e+00	-1.176059e-11	-2.000000e-01	-8.000000e-01	-2.068538e+00	-1.226952e-01	-2.883783e+00
1.140000e+00	-2.654783e+00	-1.016728e+00	-1.887937e+00	-1.119704e-11	-2.000000e-01	-8.000000e-01	-2.057425e+00	-1.085896e-01	-2.859258e+00
1.150000e+00	-2.641508e+00	-1.004896e+00	-1.879502e+00	-1.064038e-11	-2.000000e-01	-8.000000e-01	-2.046084e+00	-9.421133e-02	-2.834111e+00
1.160000e+00	-2.627951e+00	-9.928605e-01	-1.870881e+00	-1.009659e-11	-2.000000e-01	-8.000000e-01	-2.034514e+00	-7.958360e-02	-2.808393e+00
1.170000e+00	-2.614117e+00	-9.806287e-01	-1.862076e+00	-9.567902e-12	-2.000000e-01	-8.000000e-01	-2.022717e+00	-6.472876e-02	-2.782158e+00
1.180000e+00	-2.600012e+00	-9.682074e-01	-1.853091e+00	-9.056755e-12	-2.000000e-01	-8.000000e-01	-2.010695e+00	-4.966841e-02	-2.755458e+00
1.190000e+00	-2.585641e+00	-9.556031e-01	-1.843929e+00	-8.565593e-12	-2.000000e-01	-8.000000e-01	-1.998449e+00	-3.442339e-02	-2.728348e+00
1.200000e+00	-2.571010e+00	-9.428225e-01	-1.834593e+00	-8.095746e-12	-2.000000e-01	-8.000000e-01	-1.985983e+00	-1.901374e-02	-2.700880e+00
1.210000e+00	-2.556123e+00	-9.298722e-01	-1.825087e+00	-7.646772e-12	-2.000000e-01	-8.000000e-01	-1.973300e+00	-3.458650e-03	-2.673104e+00
1.220000e+00	-2.540988e+00	-9.167586e-01	-1.815414e+00	-7.221113e-12	-2.000000e-01	-8.000000e-01	-1.960406e+00	1.222349e-02	-2.645071e+00
1.230000e+00	-2.525610e+00	-9.034882e-01	-1.805578e+00	-6.817213e-12	-2.000000e-01	-8.000000e-01	-1.947305e+00	2.801514e-02	-2.616826e+00
1.240000e+00	-2.509994e+00	-8.900672e-01	-1.795581e+00	-6.436407e-12	-2.000000e-01	-8.000000e-01	-1.934004e+00	4.389958e-02	-2.588413e+00
1.250000e+00	-2.494145e+00	-8.765019e-01	-1.785428e+00	-6.076917e-12	-2.000000e-01	-8.000000e-01	-1.920510e+00	5.986091e-02	-2.559873e+00
1.260000e+00	-2.478071e+00	-8.627986e-01	-1.775121e+00	-5.739187e-12	-2.000000e-01	-8.000000e-01	-1.906829e+00	7.588404e-02	-2.531242e+00
1.270000e+00	-2.461777e+00	-8.489634e-01	-1.764665e+00	-5.421885e-12	-2.000000e-01	-8.000000e-01	-1.892971e+00	9.195463e-02	-2.502556e+00
1.280000e+00	-2.445268e+00	-8.350024e-01	-1.754063e+00	-5.124345e-12	-2.000000e-01	-8.000000e-01	-1.878945e+00	1.080591e-01	-2.473845e+00
1.290000e+00	-2.428551e+00	-8.209216e-01	-1.743319e+00	-4.845679e-12	-2.000000e-01	-8.000000e-01	-1.864760e+00	1.241847e-01	-2.445139e+00
1.300000e+00	-2.411631e+00	-8.067270e-01	-1.732436e+00	-4.585443e-12	-2.000000e-01	-8.000000e-01	-1.850427e+00	1.403191e-01	-2.416463e+00
1.310000e+00	-2.394515e+00	-7.924245e-01	-1.721418e+00	-4.341860e-12	-2.000000e-01	-8.000000e-01	-1.835957e+00	1.564509e-01	-2.387842e+00
1.320000e+00	-2.377208e+00	-7.780200e-01	-1.710270e+00	-4.115597e-12	-2.000000e-01	-8.000000e-01	-1.821360e+00	1.725690e-01	-2.359296e+00
1.330000e+00	-2.359717e+00	-7.635193e-01	-1.698994e+00	-3.903544e-12	-2.000000e-01	-8.000000e-01	-1.806649e+00	1.886630e-01	-2.330847e+00
1.340000e+00	-2.342048e+00	-7.489283e-01	-1.687594e+00	-3.705480e-12	-2.000000e-01	-8.000000e-01	-1.791836e+00	2.047229e-01	-2.302513e+00
1.350000e+00	-2.324208e+00	-7.342526e-01	-1.676076e+00	-3.522294e-12	-2.000000e-01	-8.000000e-01	-1.776932e+00	2.207391e-01	-2.274311e+00
1.360000e+00	-2.306202e+00	-7.194980e-01	-1.664442e+00	-3.351319e-12	-2.000000e-01	-8.000000e-01	-1.761951e+00	2.367022e-01	-2.246257e+00
1.370000e+00	-2.288036e+00	-7.046702e-01	-1.652696e+00	-3.190559e-12	-2.000000e-01	-8.000000e-01	-1.746905e+00	2.526029e-01	-2.218367e+00
1.380000e+00	-2.269718e+00	-6.897748e-01	-1.640843e+00	-3.041789e-12	-2.000000e-01	-8.000000e-01	-1.731805e+00	2.684324e-01	-2.190654e+00
1.390000e+00	-2.251253e+00	-6.748173e-01	-1.628888e+00	-2.903677e-12	-2.000000e-01	-8.000000e-01	-1.716664e+00	2.841814e-01	-2.163134e+00
1.400000e+00	-2.232649e+00	-6.598035e-01	-1.616833e+00	-2.773559e-12	-2.000000e-01	-8.000000e-01	-1.701493e+00	2.998410e-01	-2.135819e+00
1.410000e+00	-2.213912e+00	-6.447388e-01	-1.604683e+00	-2.653877e-12	-2.000000e-01	-8.000000e-01	-1.686303e+00	3.154016e-01	-2.108724e+00
1.420000e+00	-2.195048e+00	-6.296287e-01	-1.592443e+00	-2.541412e-12	-2.000000e-01	-8.000000e-01	-1.671104e+00	3.308538e-01	-2.081859e+00
1.430000e+00	-2.176064e+00	-6.144787e-01	-1.580117e+00	-2.436051e-12	-2.000000e-01	-8.000000e-01	-1.655906e+00	3.461873e-01	-2.055239e+00
1.440000e+00	-2.156967e+00	-5.992943e-01	-1.567709e+00	-2.338352e-12	-2.000000e-01	-8.000000e-01	-1.640716e+00	3.613917e-01	-2.028874e+00
1.450000e+00	-2.137763e+00	-5.840809e-01	-1.555223e+00	-2.246536e-12	-2.000000e-01	-8.000000e-01	-1.625542e+00	3.764556e-01	-2.002777e+00
1.460000e+00	-2.118461e+00	-5.688439e-01	-1.542665e+00	-2.160050e-12	-2.000000e-01	-8.000000e-01	-1.610390e+00	3.913673e-01	-1.976959e+00
1.470000e+00	-2.099065e+00	-5.535888e-01	-1.530039e+00	-2.080558e-12	-2.000000e-01	-8.000000e-01	-1.595264e+00	4.061141e-01	-1.951432e+00
1.480000e+00	-2.079584e+00	-5.383208e-01	-1.517348e+00	-2.004508e-12	-2.000000e-01	-8.000000e-01	-1.580166e+00	4.206823e-01	-1.926206e+00
1.490000e+00	-2.060025e+00	-5.230453e-01	-1.504599e+00	-1.934120e-12	-2.000000e-01	-8.000000e-01	-1.565099e+00	4.350575e-01	-1.901292e+00
1.500000e+00	-2.040394e+00	-5.077676e-01	-1.491795e+00	-1.868394e-12	-2.000000e-01	-8.000000e-01	-1.550061e+00	4.492242e-01	-1.876700e+00
1.510000e+00	-2.020699e+00	-4.924930e-01	-1.478941e+00	-1.805223e-12	-2.000000e-01	-8.000000e-01	-1.535050e+00	4.631660e-01	-1.852439e+00
1.520000e+00	-2.000948e+00	-4.772268e-01	-1.466042e+00	-1.747602e-12	-2.000000e-01	-8.000000e-01	-1.520062e+00	4.768654e-01	-1.828520e+00
1.530000e+00	-1.981146e+00	-4.619743e-01	-1.453103e+00	-1.691869e-12	-2.000000e-01	-8.000000e-01	-1.505090e+00	4.903038e-01	-1.804950e+00
1.540000e+00	-1.961301e+00	-4.467405e-01	-1.440128e+00	-1.638356e-12	-2.000000e-01	-8.000000e-01	-1.490127e+00	5.034617e-01	-1.781738e+00
1.550000e+00	-1.941422e+00	-4.315309e-01	-1.427123e+00	-1.589839e-12	-2.000000e-01	-8.000000e-01	-1.475162e+00	5.163187e-01	-1.758893e+00
1.560000e+00	-1.921515e+00	-4.163505e-01	-1.414092e+00	-1.541545e-12	-2.000000e-01	-8.000000e-01	-1.460183e+00	5.288534e-01	-1.736423e+00
1.570000e+00	-1.901588e+00	-4.012045e-01	-1.401040e+00	-1.496359e-12	-2.000000e-01	-8.000000e-01	-1.445177e+00	5.410438e-01	-1.714334e+00
1.580000e+00	-1.881647e+00	-3.860980e-01	-1.387973e+00	-1.454059e-12	-2.000000e-01	-8.000000e-01	-1.430128e+00	5.528669e-01	-1.692635e+00
1.590000e+00	-1.861702e+00	-3.710362e-01	-1.374895e+00	-1.413425e-12	-2.000000e-01	-8.000000e-01	-1.415019e+00	5.642995e-01	-1.671333e+00
1.600000e+00	-1.841758e+00	-3.560240e-01	-1.361811e+00	-1.374678e-12	-2.000000e-01	-8.000000e-01	-1.399832e+00	5.753178e-01	-1.650435e+00
1.610000e+00	-1.821825e+00	-3.410667e-01	-1.348726e+00	-1.336820e-12	-2.000000e-01	-8.000000e-01	-1.384546e+00	5.858977e-01	-1.629949e+00
1.620000e+00	-1.801909e+00	-3.261691e-01	-1.335647e+00	-1.300848e-12	-2.000000e-01	-8.000000e-01	-1.369140e+00	5.960153e-01	-1.609882e+00
1.630000e+00	-1.782018e+00	-3.113364e-01	-1.322576e+00	-1.266431e-12	-2.000000e-01	-8.000000e-01	-1.353593e+00	6.056465e-01	-1.590242e+00
1.640000e+00	-1.762160e+00	-2.965734e-01	-1.309521e+00	-1.232681e-12	-2.000000e-01	-8.000000e-01	-1.337882e+00	6.147679e-01	-1.571038e+00
1.650000e+00	-1.742342e+00	-2.818851e-01	-1.296485e+00	-1.200817e-12	-2.000000e-01	-8.000000e-01	-1.321985e+00	6.233565e-01	-1.552278e+00
1.660000e+00	-1.722573e+00	-2.672765e-01	-1.283475e+00	-1.169620e-12	-2.000000e-01	-8.000000e-01	-1.305877e+00	6.313899e-01	-1.533974e+00
1.670000e+00	-1.702860e+00	-2.527524e-01	-1.270495e+00	-1.138978e-12	-2.000000e-01	-8.000000e-01	-1.289537e+00	6.388471e-01	-1.516133e+00
1.680000e+00	-1.683210e+00	-2.383177e-01	-1.257551e+00	-1.110334e-12	-2.000000e-01	-8.000000e-01	-1.272941e+00	6.457080e-01	-1.498770e+00
1.690000e+00	-1.663632e+00	-2.239771e-01	-1.244648e+00	-1.080691e-12	-2.000000e-01	-8.000000e-01	-1.256067e+00	6.519540e-01	-1.481894e+00
1.700000e+00	-1.644133e+00	-2.097355e-01	-1.231791e+00	-1.052269e-12	-2.000000e-01	-8.000000e-01	-1.238894e+00	6.575683e-01	-1.465521e+00
1.710000e+00	-1.624721e+00	-1.955976e-01	-1.218985e+00	-1.025291e-12	-2.000000e-01	-8.000000e-01	-1.221402e+00	6.625358e-01	-1.449664e+00
1.720000e+00	-1.605404e+00	-1.815680e-01	-1.206236e+00	-9.982015e-13	-2.000000e-01	-8.000000e-01	-1.203573e+00	6.668433e-01	-1.434338e+00
1.730000e+00	-1.586190e+00	-1.676516e-01	-1.193549e+00	-9.712231e-13	-2.000000e-01	-8.000000e-01	-1.185389e+00	6.704799e-01	-1.419559e+00
1.740000e+00	-1.567086e+00	-1.538527e-01	-1.180929e+00	-9.442447e-13	-2.000000e-01	-8.000000e-01	-1.166836e+00	6.734372e-01	-1.405345e+00
1.750000e+00	-1.548100e+00	-1.401762e-01	-1.168382e+00	-9.197088e-13	-2.000000e-01	-8.000000e-01	-1.147901e+00	6.757090e-01	-1.391713e+00
1.760000e+00	-1.529240e+00	-1.266264e-01	-1.155912e+00	-8.938406e-13	-2.000000e-01	-8.000000e-01	-1.128573e+00	6.772918e-01	-1.378680e+00
1.770000e+00	-1.510514e+00	-1.132079e-01	-1.143526e+00	-8.685275e-13	-2.000000e-01	-8.000000e-01	-1.108844e+00	6.781846e-01	-1.366266e+00
1.780000e+00	-1.491929e+00	-9.992512e-02	-1.131228e+00	-8.429923e-13	-2.000000e-01	-8.000000e-01	-1.088708e+00	6.783893e-01	-1.354486e+00
1.790000e+00	-1.473493e+00	-8.678245e-02	-1.119024e+00	-8.190115e-13	-2.000000e-01	-8.000000e-01	-1.068164e+00	6.779105e-01	-1.343358e+00
1.800000e+00	-1.455213e+00	-7.378423e-02	-1.106918e+00	-7.950307e-13	-2.000000e-01	-8.000000e-01	-1.047210e+00	6.767555e-01	-1.332896e+00
1.810000e+00	-1.437098e+00	-6.093475e-02	-1.094916e+00	-7.698286e-13	-2.000000e-01	-8.000000e-01	-1.025851e+00	6.749344e-01	-1.323112e+00
1.820000e+00	-1.419155e+00	-4.823827e-02	-1.083024e+00	-7.469581e-13	-2.000000e-01	-8.000000e-01	-1.004092e+00	6.724601e-01	-1.314014e+00
1.830000e+00	-1.401391e+00	-3.569896e-02	-1.071246e+00	-7.220891e-13	-2.000000e-01	-8.000000e-01	-9.819430e-01	6.693483e-01	-1.305606e+00
1.840000e+00	-1.383814e+00	-2.332096e-02	-1.059587e+00	-6.988854e-13	-2.000000e-01	-8.000000e-01	-9.594155e-01	6.656171e-01	-1.297886e+00
1.850000e+00	-1.366431e+00	-1.110833e-02	-1.048053e+00	-6.755707e-13	-2.000000e-01	-8.000000e-01	-9.365252e-01	6.612873e-01	-1.290844e+00
1.860000e+00	-1.349250e+00	9.348892e-04	-1.036649e+00	-6.518119e-13	-2.000000e-01	-8.000000e-01	-9.132903e-01	6.563824e-01	-1.284464e+00
1.870000e+00	-1.332278e+00	1.280476e-02	-1.025380e+00	-6.296630e-13	-2.000000e-01	-8.000000e-01	-8.897323e-01	6.509280e-01	-1.278721e+00
1.880000e+00	-1.315522e+00	2.449737e-02	-1.014250e+00	-6.060707e-13	-2.000000e-01	-8.000000e-01	-8.658755e-01	6.449521e-01	-1.273578e+00
1.890000e+00	-1.298989e+00	3.600890e-02	-1.003265e+00	-5.838663e-13	-2.000000e-01	-8.000000e-01	-8.417470e-01	6.384850e-01	-1.268990e+00
1.900000e+00	-1.282687e+00	4.733556e-02	-9.924289e-01	6.106227e-16	-2.000000e-01	-8.000000e-01	-8.173768e-01	6.315589e-01	-1.264902e+00
1.910000e+00	-1.266623e+00	5.847366e-02	-9.817477e-01	1.665335e-16	-2.000000e-01	-8.000000e-01	-7.927976e-01	6.242081e-01	-1.261249e+00
1.920000e+00	-1.250803e+00	6.941955e-02	-9.712257e-01	-3.330669e-16	-2.000000e-01	-8.000000e-01	-7.680448e-01	6.164686e-01	-1.257960e+00
1.930000e+00	-1.235234e+00	8.016966e-02	-9.608676e-01	-7.216450e-16	-2.000000e-01	-8.000000e-01	-7.431562e-01	6.083785e-01	-1.254955e+00
1.940000e+00	-1.219924e+00	9.072047e-02	-9.506783e-01	4.996004e-16	-2.000000e-01	-8.000000e-01	-7.181722e-01	5.999770e-01	-1.252152e+00
1.950000e+00	-1.204879e+00	1.010686e-01	-9.406622e-01	-6.661338e-16	-2.000000e-01	-8.000000e-01	-6.931356e-01	5.913054e-01	-1.249468e+00
1.960000e+00	-1.190105e+00	1.112106e-01	-9.308239e-01	0.000000e+00	-2.000000e-01	-8.000000e-01	-6.680914e-01	5.824061e-01	-1.246818e+00
1.970000e+00	-1.175609e+00	1.211432e-01	-9.211680e-01	-8.881784e-16	-2.000000e-01	-8.000000e-01	-6.430868e-01	5.733232e-01	-1.244126e+00
1.980000e+00	-1.161398e+00	1.308632e-01	-9.116990e-01	-4.996004e-16	-2.000000e-01	-8.000000e-01	-6.181714e-01	5.641019e-01	-1.241317e+00
1.990000e+00	-1.147477e+00	1.403674e-01	-9.024210e-01	-7.216450e-16	-2.000000e-01	-8.000000e-01	-5.933965e-01	5.547891e-01	-1.238328e+00
2.000000e+00	-1.133853e+00	1.496528e-01	-8.933385e-01	3.885781e-16	-2.000000e-01	-8.000000e-01	-5.688159e-01	5.454327e-01	-1.235103e+00
2.010000e+00	-1.120532e+00	1.587163e-01	-8.844556e-01	6.106227e-16	-2.000000e-01	-8.000000e-01	-5.444852e-01	5.360820e-01	-1.231600e+00
2.020000e+00	-1.107519e+00	1.675551e-01	-8.757764e-01	-5.551115e-17	-2.000000e-01	-8.000000e-01	-5.204620e-01	5.267875e-01	-1.227786e+00
2.030000e+00	-1.094822e+00	1.761662e-01	-8.673050e-01	-6.661338e-16	-2.000000e-01	-8.000000e-01	-4.968059e-01	5.176011e-01	-1.223639e+00
2.040000e+00	-1.082444e+00	1.845470e-01	-8.590454e-01	0.000000e+00	-2.000000e-01	-8.000000e-01	-4.735784e-01	5.085759e-01	-1.219148e+00
2.050000e+00	-1.070393e+00	1.926946e-01	-8.510014e-01	6.661338e-16	-2.000000e-01	-8.000000e-01	-4.508426e-01	4.997662e-01	-1.214312e+00
2.060000e+00	-1.058673e+00	2.006066e-01	-8.431767e-01	5.551115e-17	-2.000000e-01	-8.000000e-01	-4.286635e-01	4.912273e-01	-1.209139e+00
2.070000e+00	-1.047289e+00	2.082803e-01	-8.355751e-01	4.440892e-16	-2.000000e-01	-8.000000e-01	-4.071076e-01	4.830158e-01	-1.203644e+00
2.080000e+00	-1.036247e+00	2.157133e-01	-8.282001e-01	-8.881784e-16	-2.000000e-01	-8.000000e-01	-3.862426e-01	4.751889e-01	-1.197849e+00
2.090000e+00	-1.025552e+00	2.229033e-01	-8.210553e-01	6.106227e-16	-2.000000e-01	-8.000000e-01	-3.661373e-01	4.678046e-01	-1.191780e+00
2.100000e+00	-1.015208e+00	2.298479e-01	-8.141439e-01	3.330669e-16	-2.000000e-01	-8.000000e-01	-3.468609e-01	4.609211e-01	-1.185468e+00
2.110000e+00	-1.005221e+00	2.365449e-01	-8.074693e-01	-3.330669e-16	-2.000000e-01	-8.000000e-01	-3.284829e-01	4.545964e-01	-1.178946e+00
2.120000e+00	-9.955939e-01	2.429922e-01	-8.010346e-01	3.330669e-16	-2.000000e-01	-8.000000e-01	-3.110720e-01	4.488877e-01	-1.172247e+00
2.130000e+00	-9.863324e-01	2.491877e-01	-7.948429e-01	3.330669e-16	-2.000000e-01	-8.000000e-01	-2.946953e-01	4.438508e-01	-1.165409e+00
2.140000e+00	-9.774401e-01	2.551296e-01	-7.888972e-01	-1.338374e-13	-2.000000e-01	-8.000000e-01	-2.794177e-01	4.395392e-01	-1.158464e+00
2.150000e+00	-9.689214e-01	2.608158e-01	-7.832002e-01	-1.220690e-13	-2.000000e-01	-8.000000e-01	-2.653005e-01	4.360031e-01	-1.151448e+00
2.160000e+00	-9.607799e-01	2.662446e-01	-7.777548e-01	-1.116329e-13	-2.000000e-01	-8.000000e-01	-2.524003e-01	4.332885e-01	-1.144390e+00
2.170000e+00	-9.530195e-01	2.714142e-01	-7.725634e-01	-1.016964e-13	-2.000000e-01	-8.000000e-01	-2.407678e-01	4.314358e-01	-1.137320e+00
2.180000e+00	-9.456436e-01	2.763231e-01	-7.676287e-01	-9.126033e-14	-2.000000e-01	-8.000000e-01	-2.304466e-01	4.304793e-01	-1.130262e+00
2.190000e+00	-9.386558e-01	2.809697e-01	-7.629529e-01	-8.154588e-14	-2.000000e-01	-8.000000e-01	-2.214722e-01	4.304456e-01	-1.123236e+00
2.200000e+00	-9.320592e-01	2.853525e-01	-7.585384e-01	-7.205347e-14	-2.000000e-01	-8.000000e-01	-2.138707e-01	4.313534e-01	-1.116259e+00
2.210000e+00	-9.258568e-01	2.894702e-01	-7.543872e-01	-6.367129e-14	-2.000000e-01	-8.000000e-01	-2.076587e-01	4.332126e-01	-1.109342e+00
2.220000e+00	-9.200515e-01	2.933215e-01	-7.505014e-01	-5.628831e-14	-2.000000e-01	-8.000000e-01	-2.028425e-01	4.360239e-01	-1.102489e+00
2.230000e+00	-9.146460e-01	2.969050e-01	-7.468827e-01	-4.846124e-14	-2.000000e-01	-8.000000e-01	-1.994182e-01	4.397790e-01	-1.095701e+00
2.240000e+00	-9.096427e-01	3.002198e-01	-7.435331e-01	-4.157785e-14	-2.000000e-01	-8.000000e-01	-1.973719e-01	4.444611e-01	-1.088973e+00
2.250000e+00	-9.050440e-01	3.032648e-01	-7.404540e-01	-3.622103e-14	-2.000000e-01	-8.000000e-01	-1.966806e-01	4.500450e-01	-1.082295e+00
2.260000e+00	-9.008519e-01	3.060390e-01	-7.376470e-01	-3.000378e-14	-2.000000e-01	-8.000000e-01	-1.973128e-01	4.564983e-01	-1.075653e+00
2.270000e+00	-8.970685e-01	3.085416e-01	-7.351135e-01	-2.553513e-14	-2.000000e-01	-8.000000e-01	-1.992298e-01	4.637822e-01	-1.069028e+00
2.280000e+00	-8.936955e-01	3.107718e-01	-7.328546e-01	-1.998401e-14	-2.000000e-01	-8.000000e-01	-2.023865e-01	4.718529e-01	-1.062400e+00
2.290000e+00	-8.907344e-01	3.127288e-01	-7.308715e-01	-1.579292e-14	-2.000000e-01	-8.000000e-01	-2.067331e-01	4.806620e-01	-1.055744e+00
2.300000e+00	-8.881867e-01	3.144121e-01	-7.291651e-01	-1.232348e-14	-2.000000e-01	-8.000000e-01	-2.122160e-01	4.901585e-01	-1.049034e+00
2.310000e+00	-8.860534e-01	3.158212e-01	-7.277362e-01	-9.270362e-15	-2.000000e-01	-8.000000e-01	-2.187789e-01	5.002888e-01	-1.042246e+00
2.320000e+00	-8.843356e-01	3.169556e-01	-7.265856e-01	-5.717649e-15	-2.000000e-01	-8.000000e-01	-2.263637e-01	5.109982e-01	-1.035351e+00
2.330000e+00	-8.830340e-01	3.178149e-01	-7.257138e-01	-4.579670e-15	-2.000000e-01	-8.000000e-01	-2.349116e-01	5.222316e-01	-1.028326e+00
2.340000e+00	-8.821494e-01	3.183989e-01	-7.251212e-01	-1.942890e-15	-2.000000e-01	-8.000000e-01	-2.443636e-01	5.339335e-01	-1.021147e+00
2.350000e+00	-8.816820e-01	3.187074e-01	-7.248081e-01	-3.330669e-16	-2.000000e-01	-8.000000e-01	-2.546610e-01	5.460493e-01	-1.013795e+00
2.360000e+00	-8.816321e-01	3.187403e-01	-7.247747e-01	2.775558e-16	-2.000000e-01	-8.000000e-01	-2.657459e-01	5.585249e-01	-1.006253e+00
2.370000e+00	-8.819997e-01	3.184977e-01	-7.250210e-01	4.440892e-16	-2.000000e-01	-8.000000e-01	-2.775615e-01	5.713073e-01	-9.985129e-01
2.380000e+00	-8.827848e-01	3.179795e-01	-7.255468e-01	-4.440892e-16	-2.000000e-01	-8.000000e-01	-2.900523e-01	5.843445e-01	-9.905700e-01
2.390000e+00	-8.839867e-01	3.171859e-01	-7.263520e-01	-6.938894e-16	-2.000000e-01	-8.000000e-01	-3.031642e-01	5.975861e-01	-9.824287e-01
2.400000e+00	-8.856052e-01	3.161172e-01	-7.274360e-01	-2.831069e-15	-2.000000e-01	-8.000000e-01	-3.168448e-01	6.109825e-01	-9.741016e-01
2.410000e+00	-8.876393e-01	3.147737e-01	-7.287985e-01	-3.080869e-15	-2.000000e-01	-8.000000e-01	-3.310431e-01	6.244858e-01	-9.656105e-01
2.420000e+00	-8.900881e-01	3.131559e-01	-7.304386e-01	-5.828671e-15	-2.000000e-01	-8.000000e-01	-3.457098e-01	6.380492e-01	-9.569874e-01
2.430000e+00	-8.929506e-01	3.112642e-01	-7.323557e-01	-9.020562e-15	-2.000000e-01	-8.000000e-01	-3.607973e-01	6.516270e-01	-9.482741e-01
2.440000e+00	-8.962254e-01	3.090992e-01	-7.345488e-01	-1.171285e-14	-2.000000e-01	-8.000000e-01	-3.762594e-01	6.651747e-01	-9.395220e-01
2.450000e+00	-8.999109e-01	3.066616e-01	-7.370169e-01	-1.534883e-14	-2.000000e-01	-8.000000e-01	-3.920518e-01	6.786493e-01	-9.307922e-01
2.460000e+00	-9.040054e-01	3.039522e-01	-7.397587e-01	-2.034484e-14	-2.000000e-01	-8.000000e-01	-4.081317e-01	6.920084e-01	-9.221534e-01
2.470000e+00	-9.085072e-01	3.009719e-01	-7.427729e-01	-2.364775e-14	-2.000000e-01	-8.000000e-01	-4.244579e-01	7.052112e-01	-9.136810e-01
2.480000e+00	-9.134140e-01	2.977214e-01	-7.460580e-01	-2.908784e-14	-2.000000e-01	-8.000000e-01	-4.409909e-01	7.182177e-01	-9.054549e-01
2.490000e+00	-9.187237e-01	2.942019e-01	-7.496125e-01	-3.541611e-14	-2.000000e-01	-8.000000e-01	-4.576929e-01	7.309892e-01	-8.975576e-01
2.500000e+00	-9.244337e-01	2.904145e-01	-7.534347e-01	-4.279910e-14	-2.000000e-01	-8.000000e-01	-4.745278e-01	7.434881e-01	-8.900713e-01
2.510000e+00	-9.305415e-01	2.863604e-01	-7.575227e-01	-4.890532e-14	-2.000000e-01	-8.000000e-01	-4.914613e-01	7.556778e-01	-8.830764e-01
2.520000e+00	-9.370442e-01	2.820408e-01	-7.618745e-01	-5.695444e-14	-2.000000e-01	-8.000000e-01	-5.084608e-01	7.675234e-01	-8.766486e-01
2.530000e+00	-9.439389e-01	2.774571e-01	-7.664880e-01	-6.400436e-14	-2.000000e-01	-8.000000e-01	-5.254956e-01	7.789908e-01	-8.708576e-01
2.540000e+00	-9.512223e-01	2.726107e-01	-7.713611e-01	-7.382983e-14	-2.000000e-01	-8.000000e-01	-5.425370e-01	7.900475e-01	-8.657656e-01
2.550000e+00	-9.588912e-01	2.675032e-01	-7.764914e-01	-8.271162e-14	-2.000000e-01	-8.000000e-01	-5.595581e-01	8.006623e-01	-8.614261e-01
2.560000e+00	-9.669419e-01	2.621362e-01	-7.818763e-01	-9.220402e-14	-2.000000e-01	-8.000000e-01	-5.765341e-01	8.108057e-01	-8.578836e-01
2.570000e+00	-9.753709e-01	2.565113e-01	-7.875135e-01	-1.031952e-13	-2.000000e-01	-8.000000e-01	-5.934423e-01	8.204495e-01	-8.551736e-01
2.580000e+00	-9.841743e-01	2.506304e-01	-7.934000e-01	-1.152411e-13	-2.000000e-01	-8.000000e-01	-6.102619e-01	8.295674e-01	-8.533225e-01
2.590000e+00	-9.933480e-01	2.444953e-01	-7.995332e-01	-1.262324e-13	-2.000000e-01	-8.000000e-01	-6.269745e-01	8.381346e-01	-8.523489e-01
2.600000e+00	-1.002888e+00	2.381079e-01	-8.059101e-01	-1.391665e-13	-2.000000e-01	-8.000000e-01	-6.435637e-01	8.461283e-01	-8.522638e-01
2.610000e+00	-1.012790e+00	2.314704e-01	-8.125277e-01	-1.519895e-13	-2.000000e-01	-8.000000e-01	-6.600153e-01	8.535273e-01	-8.530719e-01
2.620000e+00	-1.023049e+00	2.245847e-01	-8.193828e-01	3.885781e-16	-2.000000e-01	-8.000000e-01	-6.763173e-01	8.603125e-01	-8.547723e-01
2.630000e+00	-1.033660e+00	2.174532e-01	-8.264722e-01	-1.665335e-16	-2.000000e-01	-8.000000e-01	-6.924597e-01	8.664667e-01	-8.573598e-01
2.640000e+00	-1.044620e+00	2.100780e-01	-8.337925e-01	-5.551115e-16	-2.000000e-01	-8.000000e-01	-7.084349e-01	8.719746e-01	-8.608257e-01
2.650000e+00	-1.055922e+00	2.024616e-01	-8.413403e-01	-1.110223e-16	-2.000000e-01	-8.000000e-01	-7.242372e-01	8.768231e-01	-8.651584e-01
2.660000e+00	-1.067563e+00	1.946063e-01	-8.491120e-01	-5.551115e-17	-2.000000e-01	-8.000000e-01	-7.398630e-01	8.810009e-01	-8.703445e-01
2.670000e+00	-1.079535e+00	1.865147e-01	-8.571039e-01	-8.326673e-16	-2.000000e-01	-8.000000e-01	-7.553105e-01	8.844989e-01	-8.763695e-01
2.680000e+00	-1.091835e+00	1.781894e-01	-8.653124e-01	-3.885781e-16	-2.000000e-01	-8.000000e-01	-7.705801e-01	8.873098e-01	-8.832180e-01
2.690000e+00	-1.104457e+00	1.696330e-01	-8.737336e-01	-1.110223e-16	-2.000000e-01	-8.000000e-01	-7.856736e-01	8.894285e-01	-8.908741e-01
2.700000e+00	-1.117395e+00	1.608484e-01	-8.823634e-01	-8.326673e-16	-2.000000e-01	-8.000000e-01	-8.005945e-01	8.908517e-01	-8.993221e-01
2.710000e+00	-1.130643e+00	1.518383e-01	-8.911980e-01	-6.661338e-16	-2.000000e-01	-8.000000e-01	-8.153481e-01	8.915779e-01	-9.085467e-01
2.720000e+00	-1.144195e+00	1.426056e-01	-9.002333e-01	-5.551115e-17	-2.000000e-01	-8.000000e-01	-8.299406e-01	8.916074e-01	-9.185328e-01
2.730000e+00	-1.158045e+00	1.331534e-01	-9.094649e-01	-5.551115e-16	-2.000000e-01	-8.000000e-01	-8.443797e-01	8.909424e-01	-9.292661e-01
2.740000e+00	-1.172188e+00	1.234847e-01	-9.188888e-01	-3.713141e-13	-2.000000e-01	-8.000000e-01	-8.586740e-01	8.895865e-01	-9.407330e-01
2.750000e+00	-1.186616e+00	1.136026e-01	-9.285004e-01	-3.918532e-13	-2.000000e-01	-8.000000e-01	-8.728330e-01	8.875448e-01	-9.529205e-01
2.760000e+00	-1.201324e+00	1.035103e-01	-9.382955e-01	-4.128364e-13	-2.000000e-01	-8.000000e-01	-8.868669e-01	8.848239e-01	-9.658163e-01
2.770000e+00	-1.216306e+00	9.321117e-02	-9.482695e-01	-4.327649e-13	-2.000000e-01	-8.000000e-01	-9.007863e-01	8.814316e-01	-9.794092e-01
2.780000e+00	-1.231553e+00	8.270848e-02	-9.584179e-01	-4.545808e-13	-2.000000e-01	-8.000000e-01	-9.146023e-01	8.773769e-01	-9.936882e-01
2.790000e+00	-1.247061e+00	7.200566e-02	-9.687361e-01	-4.769518e-13	-2.000000e-01	-8.000000e-01	-9.283260e-01	8.726698e-01	-1.008643e+00
2.800000e+00	-1.262821e+00	6.110622e-02	-9.792194e-01	-4.985456e-13	-2.000000e-01	-8.000000e-01	-9.419686e-01	8.673212e-01	-1.024265e+00
2.810000e+00	-1.278828e+00	5.001371e-02	-9.898630e-01	-5.216938e-13	-2.000000e-01	-8.000000e-01	-9.555410e-01	8.613427e-01	-1.040544e+00
2.820000e+00	-1.295073e+00	3.873176e-02	-1.000662e+00	-5.436207e-13	-2.000000e-01	-8.000000e-01	-9.690540e-01	8.547467e-01	-1.057473e+00
2.830000e+00	-1.311552e+00	2.726406e-02	-1.011612e+00	-5.667133e-13	-2.000000e-01	-8.000000e-01	-9.825177e-01	8.475461e-01	-1.075042e+00
2.840000e+00	-1.328255e+00	1.561436e-02	-1.022708e+00	-5.911382e-13	-2.000000e-01	-8.000000e-01	-9.959417e-01	8.397541e-01	-1.093245e+00
2.850000e+00	-1.345176e+00	3.786485e-03	-1.033944e+00	-6.134537e-13	-2.000000e-01	-8.000000e-01	-1.009335e+00	8.313844e-01	-1.112074e+00
2.860000e+00	-1.362308e+00	-8.215681e-03	-1.045317e+00	-6.371570e-13	-2.000000e-01	-8.000000e-01	-1.022706e+00	8.224510e-01	-1.131521e+00
2.870000e+00	-1.379643e+00	-2.038820e-02	-1.056820e+00	-6.605827e-13	-2.000000e-01	-8.000000e-01	-1.036062e+00	8.129680e-01	-1.151580e+00
2.880000e+00	-1.397175e+00	-3.272706e-02	-1.068450e+00	-6.850076e-13	-2.000000e-01	-8.000000e-01	-1.049410e+00	8.029495e-01	-1.172244e+00
2.890000e+00	-1.414895e+00	-4.522821e-02	-1.080200e+00	-7.088774e-13	-2.000000e-01	-8.000000e-01	-1.062755e+00	7.924099e-01	-1.193505e+00
2.900000e+00	-1.432796e+00	-5.788752e-02	-1.092065e+00	-7.344125e-13	-2.000000e-01	-8.000000e-01	-1.076101e+00	7.813635e-01	-1.215356e+00
2.910000e+00	-1.450871e+00	-7.070083e-02	-1.104041e+00	-7.579493e-13	-2.000000e-01	-8.000000e-01	-1.089454e+00	7.698246e-01	-1.237792e+00
2.920000e+00	-1.469111e+00	-8.366390e-02	-1.116122e+00	-7.829293e-13	-2.000000e-01	-8.000000e-01	-1.102815e+00	7.578077e-01	-1.260805e+00
2.930000e+00	-1.487511e+00	-9.677246e-02	-1.128304e+00	-8.079093e-13	-2.000000e-01	-8.000000e-01	-1.116186e+00	7.453270e-01	-1.284387e+00
2.940000e+00	-1.506061e+00	-1.100222e-01	-1.140580e+00	-8.331114e-13	-2.000000e-01	-8.000000e-01	-1.129569e+00	7.323968e-01	-1.308533e+00
2.950000e+00	-1.524754e+00	-1.234087e-01	-1.152946e+00	-8.579804e-13	-2.000000e-01	-8.000000e-01	-1.142964e+00	7.190316e-01	-1.333235e+00
2.960000e+00	-1.543583e+00	-1.369275e-01	-1.165396e+00	-8.837375e-13	-2.000000e-01	-8.000000e-01	-1.156372e+00	7.052457e-01	-1.358484e+00
2.970000e+00	-1.562539e+00	-1.505742e-01	-1.177925e+00	-9.098278e-13	-2.000000e-01	-8.000000e-01	-1.169790e+00	6.910537e-01	-1.384275e+00
2.980000e+00	-1.581616e+00	-1.643442e-01	-1.190528e+00	-9.361401e-13	-2.000000e-01	-8.000000e-01	-1.183219e+00	6.764700e-01	-1.410599e+00
2.990000e+00	-1.600805e+00	-1.782330e-01	-1.203199e+00	-9.615642e-13	-2.000000e-01	-8.000000e-01	-1.196655e+00	6.615095e-01	-1.437448e+00
3.000000e+00	-1.620098e+00	-1.922359e-01	-1.215934e+00	-9.890977e-13	-2.000000e-01	-8.000000e-01	-1.210098e+00	6.461872e-01	-1.464812e+00
3.010000e+00	-1.639488e+00	-2.063484e-01	-1.228727e+00	-1.015965e-12	-2.000000e-01	-8.000000e-01	-1.223544e+00	6.305183e-01	-1.492684e+00
3.020000e+00	-1.658966e+00	-2.205657e-01	-1.241572e+00	-1.042388e-12	-2.000000e-01	-8.000000e-01	-1.236992e+00	6.145183e-01	-1.521052e+00
3.030000e+00	-1.678526e+00	-2.348830e-01	-1.254465e+00	-1.071143e-12	-2.000000e-01	-8.000000e-01	-1.250439e+00	5.982032e-01	-1.549907e+00
3.040000e+00	-1.698159e+00	-2.492957e-01	-1.267400e+00	-1.099787e-12	-2.000000e-01	-8.000000e-01	-1.263883e+00	5.815892e-01	-1.579236e+00
3.050000e+00	-1.717858e+00	-2.637989e-01	-1.280371e+00	-1.128431e-12	-2.000000e-01	-8.000000e-01	-1.277321e+00	5.646931e-01	-1.609026e+00
3.060000e+00	-1.737615e+00	-2.783878e-01	-1.293375e+00	-1.157630e-12	-2.000000e-01	-8.000000e-01	-1.290753e+00	5.475321e-01	-1.639263e+00
3.070000e+00	-1.757422e+00	-2.930574e-01	-1.306405e+00	-1.187050e-12	-2.000000e-01	-8.000000e-01	-1.304175e+00	5.301241e-01	-1.669930e+00
3.080000e+00	-1.777271e+00	-3.078030e-01	-1.319456e+00	-1.218470e-12	-2.000000e-01	-8.000000e-01	-1.317589e+00	5.124873e-01	-1.701008e+00
3.090000e+00	-1.797154e+00	-3.226195e-01	-1.332523e+00	-1.250000e-12	-2.000000e-01	-8.000000e-01	-1.330991e+00	4.946407e-01	-1.732477e+00
3.100000e+00	-1.817065e+00	-3.375020e-01	-1.345601e+00	-1.282641e-12	-2.000000e-01	-8.000000e-01	-1.344384e+00	4.766040e-01	-1.764312e+00
3.110000e+00	-1.836995e+00	-3.524456e-01	-1.358685e+00	-1.317724e-12	-2.000000e-01	-8.000000e-01	-1.357767e+00	4.583972e-01	-1.796486e+00
3.120000e+00	-1.856937e+00	-3.674451e-01	-1.371769e+00	-1.352141e-12	-2.000000e-01	-8.000000e-01	-1.371141e+00	4.400412e-01	-1.828970e+00
3.130000e+00	-1.876883e+00	-3.824955e-01	-1.384849e+00	-1.389111e-12	-2.000000e-01	-8.000000e-01	-1.384508e+00	4.215577e-01	-1.861729e+00
3.140000e+00	-1.896825e+00	-3.975918e-01	-1.397920e+00	-1.426859e-12	-2.000000e-01	-8.000000e-01	-1.397872e+00	4.029688e-01	-1.894726e+00
3.150000e+00	-1.916756e+00	-4.127288e-01	-1.410975e+00	-1.466050e-12	-2.000000e-01	-8.000000e-01	-1.411235e+00	3.842974e-01	-1.927918e+00
3.160000e+00	-1.936669e+00	-4.279015e-01	-1.424012e+00	-1.507794e-12	-2.000000e-01	-8.000000e-01	-1.424601e+00	3.655671e-01	-1.961259e+00
3.170000e+00	-1.956555e+00	-4.431046e-01	-1.437024e+00	-1.549871e-12	-2.000000e-01	-8.000000e-01	-1.437975e+00	3.468022e-01	-1.994702e+00
3.180000e+00	-1.976409e+00	-4.583330e-01	-1.450006e+00	-1.594946e-12	-2.000000e-01	-8.000000e-01	-1.451363e+00	3.280275e-01	-2.028191e+00
3.190000e+00	-1.996221e+00	-4.735816e-01	-1.462954e+00	-1.643241e-12	-2.000000e-01	-8.000000e-01	-1.464771e+00	3.092688e-01	-2.061672e+00
3.200000e+00	-2.015986e+00	-4.888450e-01	-1.475863e+00	-1.693978e-12	-2.000000e-01	-8.000000e-01	-1.478205e+00	2.905521e-01	-2.095085e+00
3.210000e+00	-2.035695e+00	-5.041180e-01	-1.488728e+00	-1.746381e-12	-2.000000e-01	-8.000000e-01	-1.491674e+00	2.719044e-01	-2.128371e+00
3.220000e+00	-2.055342e+00	-5.193954e-01	-1.501545e+00	5.551115e-16	-2.000000e-01	-8.000000e-01	-1.505185e+00	2.533529e-01	-2.161467e+00
3.230000e+00	-2.074919e+00	-5.346720e-01	-1.514308e+00	-5.551115e-16	-2.000000e-01	-8.000000e-01	-1.518748e+00	2.349257e-01	-2.194314e+00
3.240000e+00	-2.094419e+00	-5.499422e-01	-1.527013e+00	3.330669e-16	-2.000000e-01	-8.000000e-01	-1.532372e+00	2.166513e-01	-2.226849e+00
3.250000e+00	-2.113835e+00	-5.652010e-01	-1.539655e+00	1.110223e-16	-2.000000e-01	-8.000000e-01	-1.546066e+00	1.985584e-01	-2.259014e+00
3.260000e+00	-2.133161e+00	-5.804428e-01	-1.552230e+00	-1.110223e-16	-2.000000e-01	-8.000000e-01	-1.559840e+00	1.806765e-01	-2.290754e+00
3.270000e+00	-2.152388e+00	-5.956623e-01	-1.564733e+00	-3.330669e-16	-2.000000e-01	-8.000000e-01	-1.573705e+00	1.630350e-01	-2.322015e+00
3.280000e+00	-2.171512e+00	-6.108541e-01	-1.577160e+00	0.000000e+00	-2.000000e-01	-8.000000e-01	-1.587672e+00	1.456637e-01	-2.352750e+00
3.290000e+00	-2.190523e+00	-6.260128e-01	-1.589506e+00	0.000000e+00	-2.000000e-01	-8.000000e-01	-1.601751e+00	1.285926e-01	-2.382915e+00
3.300000e+00	-2.209416e+00	-6.411329e-01	-1.601767e+00	0.000000e+00	-2.000000e-01	-8.000000e-01	-1.615951e+00	1.118515e-01	-2.412472e+00
3.310000e+00	-2.228185e+00	-6.562090e-01	-1.613939e+00	-6.661338e-16	-2.000000e-01	-8.000000e-01	-1.630285e+00	9.546994e-02	-2.441385e+00
3.320000e+00	-2.246821e+00	-6.712355e-01	-1.626016e+00	0.000000e+00	-2.000000e-01	-8.000000e-01	-1.644760e+00	7.947714e-02	-2.469627e+00
3.330000e+00	-2.265320e+00	-6.862069e-01	-1.637996e+00	-6.661338e-16	-2.000000e-01	-8.000000e-01	-1.659387e+00	6.390168e-02	-2.497174e+00
3.340000e+00	-2.283674e+00	-7.011176e-01	-1.649874e+00	6.661338e-16	-2.000000e-01	-8.000000e-01	-1.674172e+00	4.877123e-02	-2.524006e+00
3.350000e+00	-2.301876e+00	-7.159621e-01	-1.661646e+00	4.440892e-16	-2.000000e-01	-8.000000e-01	-1.689122e+00	3.411228e-02	-2.550107e+00
3.360000e+00	-2.319921e+00	-7.307347e-01	-1.673307e+00	-4.440892e-16	-2.000000e-01	-8.000000e-01	-1.704243e+00	1.994982e-02	-2.575465e+00
3.370000e+00	-2.337802e+00	-7.454297e-01	-1.684853e+00	2.220446e-16	-2.000000e-01	-8.000000e-01	-1.719539e+00	6.306972e-03	-2.600071e+00
3.380000e+00	-2.355512e+00	-7.600415e-01	-1.696281e+00	4.440892e-16	-2.000000e-01	-8.000000e-01	-1.735009e+00	-6.795328e-03	-2.623918e+00
3.390000e+00	-2.373046e+00	-7.745643e-01	-1.707587e+00	-3.584910e-12	-2.000000e-01	-8.000000e-01	-1.750653e+00	-1.933876e-02	-2.647001e+00
3.400000e+00	-2.390397e+00	-7.889923e-01	-1.718767e+00	-3.769207e-12	-2.000000e-01	-8.000000e-01	-1.766467e+00	-3.130797e-02	-2.669315e+00
3.410000e+00	-2.407560e+00	-8.033197e-01	-1.729816e+00	-3.966827e-12	-2.000000e-01	-8.000000e-01	-1.782443e+00	-4.269095e-02	-2.690856e+00
3.420000e+00	-2.424527e+00	-8.175406e-01	-1.740731e+00	-4.178657e-12	-2.000000e-01	-8.000000e-01	-1.798572e+00	-5.347933e-02	-2.711622e+00
3.430000e+00	-2.441293e+00	-8.316492e-01	-1.751509e+00	-4.406253e-12	-2.000000e-01	-8.000000e-01	-1.814840e+00	-6.366873e-02	-2.731609e+00
3.440000e+00	-2.457852e+00	-8.456394e-01	-1.762145e+00	-4.649170e-12	-2.000000e-01	-8.000000e-01	-1.831230e+00	-7.325893e-02	-2.750813e+00
3.450000e+00	-2.474198e+00	-8.595052e-01	-1.772637e+00	-4.910072e-12	-2.000000e-01	-8.000000e-01	-1.847720e+00	-8.225401e-02	-2.769229e+00
3.460000e+00	-2.490326e+00	-8.732406e-01	-1.782979e+00	-5.188516e-12	-2.000000e-01	-8.000000e-01	-1.864286e+00	-9.066246e-02	-2.786852e+00
3.470000e+00	-2.506228e+00	-8.868393e-01	-1.793170e+00	-5.486944e-12	-2.000000e-01	-8.000000e-01	-1.880900e+00	-9.849711e-02	-2.803676e+00
3.480000e+00	-2.521900e+00	-9.002954e-01	-1.803204e+00	-5.804024e-12	-2.000000e-01	-8.000000e-01	-1.897531e+00	-1.057750e-01	-2.819695e+00
3.490000e+00	-2.537336e+00	-9.136024e-01	-1.813079e+00	-6.142198e-12	-2.000000e-01	-8.000000e-01	-1.914144e+00	-1.125171e-01	-2.834902e+00
3.500000e+00	-2.552530e+00	-9.267540e-01	-1.822792e+00	-6.501466e-12	-2.000000e-01	-8.000000e-01	-1.930702e+00	-1.187482e-01	-2.849288e+00
3.510000e+00	-2.567476e+00	-9.397439e-01	-1.832338e+00	-6.882939e-12	-2.000000e-01	-8.000000e-01	-1.947167e+00	-1.244962e-01	-2.862849e+00
3.520000e+00	-2.582169e+00	-9.525656e-01	-1.841714e+00	-7.287060e-12	-2.000000e-01	-8.000000e-01	-1.963497e+00	-1.297919e-01	-2.875576e+00
3.530000e+00	-2.596603e+00	-9.652126e-01	-1.850918e+00	-7.713163e-12	-2.000000e-01	-8.000000e-01	-1.979649e+00	-1.346684e-01	-2.887466e+00
3.540000e+00	-2.610772e+00	-9.776783e-01	-1.859946e+00	-8.162360e-12	-2.000000e-01	-8.000000e-01	-1.995580e+00	-1.391607e-01	-2.898516e+00
3.550000e+00	-2.624671e+00	-9.899560e-01	-1.868794e+00	-8.632650e-12	-2.000000e-01	-8.000000e-01	-2.011247e+00	-1.433050e-01	-2.908725e+00
3.560000e+00	-2.638295e+00	-1.002039e+00	-1.877459e+00	-9.124923e-12	-2.000000e-01	-8.000000e-01	-2.026607e+00	-1.471383e-01	-2.918095e+00
3.570000e+00	-2.651638e+00	-1.013920e+00	-1.885939e+00	-9.636736e-12	-2.000000e-01	-8.000000e-01	-2.041615e+00	-1.506979e-01	-2.926632e+00
3.580000e+00	-2.664693e+00	-1.025593e+00	-1.894229e+00	-1.016676e-11	-2.000000e-01	-8.000000e-01	-2.056230e+00	-1.540210e-01	-2.934348e+00
3.590000e+00	-2.677457e+00	-1.037051e+00	-1.902327e+00	-1.071299e-11	-2.000000e-01	-8.000000e-01	-2.070412e+00	-1.571438e-01	-2.941256e+00
3.600000e+00	-2.689924e+00	-1.048286e+00	-1.910230e+00	-1.127143e-11	-2.000000e-01	-8.000000e-01	-2.084122e+00	-1.601017e-01	-2.947377e+00
3.610000e+00	-2.702088e+00	-1.059291e+00	-1.917935e+00	-1.183809e-11	-2.000000e-01	-8.000000e-01	-2.097322e+00	-1.629288e-01	-2.952735e+00
3.620000e+00	-2.713944e+00	-1.070060e+00	-1.925438e+00	-1.240941e-11	-2.000000e-01	-8.000000e-01	-2.109979e+00	-1.656571e-01	-2.957358e+00
3.630000e+00	-2.725486e+00	-1.080584e+00	-1.932737e+00	-1.297895e-11	-2.000000e-01	-8.000000e-01	-2.122060e+00	-1.683168e-01	-2.961281e+00
3.640000e+00	-2.736710e+00	-1.090857e+00	-1.939828e+00	-1.354006e-11	-2.000000e-01	-8.000000e-01	-2.133537e+00	-1.709360e-01	-2.964539e+00
3.650000e+00	-2.747610e+00	-1.100872e+00	-1.946709e+00	-1.408540e-11	-2.000000e-01	-8.000000e-01	-2.144383e+00	-1.735398e-01	-2.967172e+00
3.660000e+00	-2.758180e+00	-1.110620e+00	-1.953377e+00	-1.460632e-11	-2.000000e-01	-8.000000e-01	-2.154576e+00	-1.761512e-01	-2.969221e+00
3.670000e+00	-2.768417e+00	-1.120095e+00	-1.959829e+00	-1.509215e-11	-2.000000e-01	-8.000000e-01	-2.164094e+00	-1.787901e-01	-2.970728e+00
3.680000e+00	-2.778314e+00	-1.129289e+00	-1.966062e+00	-1.553402e-11	-2.000000e-01	-8.000000e-01	-2.172923e+00	-1.814735e-01	-2.971736e+00
3.690000e+00	-2.787867e+00	-1.138194e+00	-1.972074e+00	-1.592015e-11	-2.000000e-01	-8.000000e-01	-2.181048e+00	-1.842154e-01	-2.972283e+00
3.700000e+00	-2.797070e+00	-1.146803e+00	-1.977861e+00	-1.623879e-11	-2.000000e-01	-8.000000e-01	-2.188460e+00	-1.870268e-01	-2.972409e+00
3.710000e+00	-2.805919e+00	-1.155109e+00	-1.983421e+00	-1.647726e-11	-2.000000e-01	-8.000000e-01	-2.195152e+00	-1.899154e-01	-2.972148e+00
3.720000e+00	-2.814408e+00	-1.163104e+00	-1.988752e+00	-1.662448e-11	-2.000000e-01	-8.000000e-01	-2.201122e+00	-1.928859e-01	-2.971533e+00
3.730000e+00	-2.822534e+00	-1.170781e+00	-1.993850e+00	-1.666800e-11	-2.000000e-01	-8.000000e-01	-2.206369e+00	-1.959397e-01	-2.970591e+00
3.740000e+00	-2.830291e+00	-1.178132e+00	-1.998714e+00	-1.659650e-11	-2.000000e-01	-8.000000e-01	-2.210899e+00	-1.990753e-01	-2.969347e+00
3.750000e+00	-2.837675e+00	-1.185151e+00	-2.003341e+00	-1.640132e-11	-2.000000e-01	-8.000000e-01	-2.214718e+00	-2.022878e-01	-2.967820e+00
3.760000e+00	-2.844681e+00	-1.191830e+00	-2.007728e+00	-1.607470e-11	-2.000000e-01	-8.000000e-01	-2.217837e+00	-2.055696e-01	-2.966027e+00
3.770000e+00	-2.851306e+00	-1.198162e+00	-2.011873e+00	-1.561196e-11	-2.000000e-01	-8.000000e-01	-2.220268e+00	-2.089100e-01	-2.963981e+00
3.780000e+00	-2.857544e+00	-1.204141e+00	-2.015774e+00	-1.501044e-11	-2.000000e-01	-8.000000e-01	-2.222030e+00	-2.122953e-01	-2.961690e+00
3.790000e+00	-2.863392e+00	-1.209760e+00	-2.019429e+00	-1.427169e-11	-2.000000e-01	-8.000000e-01	-2.223141e+00	-2.157095e-01	-2.959163e+00
3.800000e+00	-2.868845e+00	-1.215013e+00	-2.022836e+00	-1.340239e-11	-2.000000e-01	-8.000000e-01	-2.223623e+00	-2.191339e-01	-2.956403e+00
3.810000e+00	-2.873901e+00	-1.219893e+00	-2.025993e+00	-1.241296e-11	-2.000000e-01	-8.000000e-01	-2.223503e+00	-2.225473e-01	-2.953413e+00
3.820000e+00	-2.878556e+00	-1.224396e+00	-2.028898e+00	-1.131761e-11	-2.000000e-01	-8.000000e-01	-2.222806e+00	-2.259265e-01	-2.950194e+00
3.830000e+00	-2.882806e+00	-1.228515e+00	-2.031549e+00	0.000000e+00	-2.000000e-01	-8.000000e-01	-2.221562e+00	-2.292465e-01	-2.946748e+00
3.840000e+00	-2.886649e+00	-1.232246e+00	-2.033945e+00	-2.220446e-16	-2.000000e-01	-8.000000e-01	-2.219803e+00	-2.324803e-01	-2.943073e+00
3.850000e+00	-2.890082e+00	-1.235584e+00	-2.036085e+00	4.440892e-16	-2.000000e-01	-8.000000e-01	-2.217561e+00	-2.355997e-01	-2.939170e+00
3.860000e+00	-2.893101e+00	-1.238525e+00	-2.037967e+00	0.000000e+00	-2.000000e-01	-8.000000e-01	-2.214872e+00	-2.385752e-01	-2.935038e+00
3.870000e+00	-2.895706e+00	-1.241065e+00	-2.039589e+00	0.000000e+00	-2.000000e-01	-8.000000e-01	-2.211771e+00	-2.413765e-01	-2.930679e+00
3.880000e+00	-2.897894e+00	-1.243200e+00	-2.040952e+00	-2.220446e-16	-2.000000e-01	-8.000000e-01	-2.208295e+00	-2.439727e-01	-2.926091e+00
3.890000e+00	-2.899663e+00	-1.244928e+00	-2.042053e+00	2.220446e-16	-2.000000e-01	-8.000000e-01	-2.204482e+00	-2.463326e-01	-2.921278e+00
3.900000e+00	-2.901012e+00	-1.246247e+00	-2.042893e+00	2.220446e-16	-2.000000e-01	-8.000000e-01	-2.200368e+00	-2.484250e-01	-2.916242e+00
3.910000e+00	-2.901940e+00	-1.247155e+00	-2.043471e+00	2.220446e-16	-2.000000e-01	-8.000000e-01	-2.195993e+00	-2.502191e-01	-2.910986e+00
3.920000e+00	-2.902446e+00	-1.247650e+00	-2.043786e+00	-4.440892e-16	-2.000000e-01	-8.000000e-01	-2.191393e+00	-2.516847e-01	-2.905516e+00
3.930000e+00	-2.902530e+00	-1.247733e+00	-2.043838e+00	-1.627587e-13	-2.000000e-01	-8.000000e-01	-2.186605e+00	-2.527925e-01	-2.899836e+00
3.940000e+00	-2.902192e+00	-1.247402e+00	-2.043627e+00	-4.440892e-15	-2.000000e-01	-8.000000e-01	-2.181667e+00	-2.535145e-01	-2.893953e+00
3.950000e+00	-2.901432e+00	-1.246658e+00	-2.043154e+00	-7.283063e-14	-2.000000e-01	-8.000000e-01	-2.176614e+00	-2.538245e-01	-2.887877e+00
3.960000e+00	-2.900251e+00	-1.245503e+00	-2.042419e+00	-3.645972e-13	-2.000000e-01	-8.000000e-01	-2.171478e+00	-2.536976e-01	-2.881614e+00
3.970000e+00	-2.898649e+00	-1.243937e+00	-2.041421e+00	-8.697487e-13	-2.000000e-01	-8.000000e-01	-2.166294e+00	-2.531116e-01	-2.875176e+00
3.980000e+00	-2.896627e+00	-1.241964e+00	-2.040163e+00	-1.572076e-12	-2.000000e-01	-8.000000e-01	-2.161090e+00	-2.520462e-01	-2.868572e+00
3.990000e+00	-2.894188e+00	-1.239585e+00	-2.038644e+00	-2.447154e-12	-2.000000e-01	-8.000000e-01	-2.155896e+00	-2.504840e-01	-2.861813e+00
4.000000e+00	-2.891334e+00	-1.236803e+00	-2.036865e+00	-3.468115e-12	-2.000000e-01	-8.000000e-01	-2.150737e+00	-2.484102e-01	-2.854910e+00
4.010000e+00	-2.888065e+00	-1.233623e+00	-2.034828e+00	-4.602985e-12	-2.000000e-01	-8.000000e-01	-2.145636e+00	-2.458132e-01	-2.847876e+00
4.020000e+00	-2.884385e+00	-1.230048e+00	-2.032534e+00	-5.816236e-12	-2.000000e-01	-8.000000e-01	-2.140614e+00	-2.426842e-01	-2.840721e+00
4.030000e+00	-2.880297e+00	-1.226083e+00	-2.029984e+00	-7.075007e-12	-2.000000e-01	-8.000000e-01	-2.135689e+00	-2.390182e-01	-2.833456e+00
4.040000e+00	-2.875803e+00	-1.221732e+00	-2.027180e+00	-8.342882e-12	-2.000000e-01	-8.000000e-01	-2.130874e+00	-2.348131e-01	-2.826094e+00
4.050000e+00	-2.870906e+00	-1.217001e+00	-2.024123e+00	-9.588996e-12	-2.000000e-01	-8.000000e-01	-2.126180e+00	-2.300706e-01	-2.818643e+00
4.060000e+00	-2.865610e+00	-1.211896e+00	-2.020816e+00	-1.078404e-11	-2.000000e-01	-8.000000e-01	-2.121616e+00	-2.247959e-01	-2.811114e+00
4.070000e+00	-2.859919e+00	-1.206422e+00	-2.017259e+00	-1.190115e-11	-2.000000e-01	-8.000000e-01	-2.117185e+00	-2.189975e-01	-2.803515e+00
4.080000e+00	-2.853836e+00	-1.200585e+00	-2.013456e+00	-1.292078e-11	-2.000000e-01	-8.000000e-01	-2.112887e+00	-2.126876e-01	-2.795855e+00
4.090000e+00	-2.847365e+00	-1.194393e+00	-2.009407e+00	-1.382450e-11	-2.000000e-01	-8.000000e-01	-2.108721e+00	-2.058819e-01	-2.788140e+00
4.100000e+00	-2.840510e+00	-1.187851e+00	-2.005116e+00	-1.460121e-11	-2.000000e-01	-8.000000e-01	-2.104679e+00	-1.985994e-01	-2.780376e+00
4.110000e+00	-2.833276e+00	-1.180967e+00	-2.000585e+00	-1.524403e-11	-2.000000e-01	-8.000000e-01	-2.100751e+00	-1.908623e-01	-2.772568e+00
4.120000e+00	-2.825667e+00	-1.173747e+00	-1.995815e+00	-1.574874e-11	-2.000000e-01	-8.000000e-01	-2.096924e+00	-1.826962e-01	-2.764720e+00
4.130000e+00	-2.817688e+00	-1.166199e+00	-1.990810e+00	-1.611644e-11	-2.000000e-01	-8.000000e-01	-2.093180e+00	-1.741292e-01	-2.756835e+00
4.140000e+00	-2.809342e+00	-1.158330e+00	-1.985571e+00	-1.635136e-11	-2.000000e-01	-8.000000e-01	-2.089501e+00	-1.651926e-01	-2.748916e+00
4.150000e+00	-2.800636e+00	-1.150147e+00	-1.980102e+00	-1.646128e-11	-2.000000e-01	-8.000000e-01	-2.085862e+00	-1.559200e-01	-2.740963e+00
4.160000e+00	-2.791573e+00	-1.141658e+00	-1.974405e+00	-1.645373e-11	-2.000000e-01	-8.000000e-01	-2.082238e+00	-1.463471e-01	-2.732979e+00
4.170000e+00	-2.782159e+00	-1.132869e+00	-1.968483e+00	-1.633915e-11	-2.000000e-01	-8.000000e-01	-2.078600e+00	-1.365118e-01	-2.724964e+00
4.180000e+00	-2.772398e+00	-1.123789e+00	-1.962337e+00	-1.612932e-11	-2.000000e-01	-8.000000e-01	-2.074917e+00	-1.264537e-01	-2.716920e+00
4.190000e+00	-2.762296e+00	-1.114426e+00	-1.955972e+00	-1.583644e-11	-2.000000e-01	-8.000000e-01	-2.071156e+00	-1.162136e-01	-2.708846e+00
4.200000e+00	-2.751858e+00	-1.104785e+00	-1.949390e+00	-1.547296e-11	-2.000000e-01	-8.000000e-01	-2.067281e+00	-1.058334e-01	-2.700744e+00
4.210000e+00	-2.741089e+00	-1.094876e+00	-1.942593e+00	-1.504974e-11	-2.000000e-01	-8.000000e-01	-2.063256e+00	-9.535580e-02	-2.692615e+00
4.220000e+00	-2.729993e+00	-1.084705e+00	-1.935585e+00	-1.457900e-11	-2.000000e-01	-8.000000e-01	-2.059042e+00	-8.482368e-02	-2.684462e+00
4.230000e+00	-2.718577e+00	-1.074280e+00	-1.928369e+00	-1.407119e-11	-2.000000e-01	-8.000000e-01	-2.054602e+00	-7.428008e-02	-2.676286e+00
4.240000e+00	-2.706846e+00	-1.063607e+00	-1.920947e+00	-1.353562e-11	-2.000000e-01	-8.000000e-01	-2.049895e+00	-6.376765e-02	-2.668092e+00
4.250000e+00	-2.694804e+00	-1.052695e+00	-1.913322e+00	-1.298273e-11	-2.000000e-01	-8.000000e-01	-2.044881e+00	-5.332838e-02	-2.659883e+00
4.260000e+00	-2.682457e+00	-1.041551e+00	-1.905498e+00	-1.241895e-11	-2.000000e-01	-8.000000e-01	-2.039522e+00	-4.300325e-02	-2.651663e+00
4.270000e+00	-2.669811e+00	-1.030181e+00	-1.897477e+00	-1.185141e-11	-2.000000e-01	-8.000000e-01	-2.033778e+00	-3.283191e-02	-2.643440e+00
4.280000e+00	-2.656871e+00	-1.018593e+00	-1.889262e+00	-1.128653e-11	-2.000000e-01	-8.000000e-01	-2.027610e+00	-2.285238e-02	-2.635219e+00
4.290000e+00	-2.643642e+00	-1.006794e+00	-1.880858e+00	-1.072853e-11	-2.000000e-01	-8.000000e-01	-2.020981e+00	-1.310073e-02	-2.627007e+00
4.300000e+00	-2.630129e+00	-9.947907e-01	-1.872266e+00	-1.018230e-11	-2.000000e-01	-8.000000e-01	-2.013855e+00	-3.610826e-03	-2.618812e+00
4.310000e+00	-2.616339e+00	-9.825897e-01	-1.863490e+00	-9.650725e-12	-2.000000e-01	-8.000000e-01	-2.006199e+00	5.585918e-03	-2.610644e+00
4.320000e+00	-2.602277e+00	-9.701981e-01	-1.854534e+00	-9.137358e-12	-2.000000e-01	-8.000000e-01	-1.997980e+00	1.446080e-02	-2.602509e+00
4.330000e+00	-2.587947e+00	-9.576225e-01	-1.845400e+00	-8.642642e-12	-2.000000e-01	-8.000000e-01	-1.989169e+00	2.298800e-02	-2.594418e+00
4.340000e+00	-2.573357e+00	-9.448695e-01	-1.836092e+00	-8.168577e-12	-2.000000e-01	-8.000000e-01	-1.979738e+00	3.114480e-02	-2.586378e+00
4.350000e+00	-2.558511e+00	-9.319458e-01	-1.826613e+00	-7.717382e-12	-2.000000e-01	-8.000000e-01	-1.969663e+00	3.891172e-02	-2.578397e+00
4.360000e+00	-2.543415e+00	-9.188578e-01	-1.816966e+00	-7.287060e-12	-2.000000e-01	-8.000000e-01	-1.958923e+00	4.627265e-02	-2.570482e+00
4.370000e+00	-2.528075e+00	-9.056119e-01	-1.807155e+00	-6.880496e-12	-2.000000e-01	-8.000000e-01	-1.947499e+00	5.321496e-02	-2.562637e+00
4.380000e+00	-2.512496e+00	-8.922145e-01	-1.797184e+00	-6.495471e-12	-2.000000e-01	-8.000000e-01	-1.935378e+00	5.972958e-02	-2.554865e+00
4.390000e+00	-2.496685e+00	-8.786718e-01	-1.787055e+00	-6.132650e-12	-2.000000e-01	-8.000000e-01	-1.922547e+00	6.581103e-02	-2.547164e+00
4.400000e+00	-2.480646e+00	-8.649901e-01	-1.776773e+00	-5.791145e-12	-2.000000e-01	-8.000000e-01	-1.908999e+00	7.145750e-02	-2.539532e+00
4.410000e+00	-2.464386e+00	-8.511755e-01	-1.766340e+00	-5.471179e-12	-2.000000e-01	-8.000000e-01	-1.894731e+00	7.667079e-02	-2.531958e+00
4.420000e+00	-2.447911e+00	-8.372341e-01	-1.755761e+00	-5.170531e-12	-2.000000e-01	-8.000000e-01	-1.879743e+00	8.145635e-02	-2.524430e+00
4.430000e+00	-2.431227e+00	-8.231719e-01	-1.745039e+00	-4.888978e-12	-2.000000e-01	-8.000000e-01	-1.864038e+00	8.582322e-02	-2.516928e+00
4.440000e+00	-2.414339e+00	-8.089951e-01	-1.734178e+00	-4.626077e-12	-2.000000e-01	-8.000000e-01	-1.847623e+00	8.978398e-02	-2.509428e+00
4.450000e+00	-2.397254e+00	-7.947093e-01	-1.723182e+00	-4.380052e-12	-2.000000e-01	-8.000000e-01	-1.830511e+00	9.335467e-02	-2.501897e+00
4.460000e+00	-2.379977e+00	-7.803207e-01	-1.712054e+00	-4.150680e-12	-2.000000e-01	-8.000000e-01	-1.812717e+00	9.655471e-02	-2.494297e+00
4.470000e+00	-2.362515e+00	-7.658349e-01	-1.700798e+00	-3.936407e-12	-2.000000e-01	-8.000000e-01	-1.794260e+00	9.940682e-02	-2.486586e+00
4.480000e+00	-2.344874e+00	-7.512579e-01	-1.689418e+00	0.000000e+00	-2.000000e-01	-8.000000e-01	-1.775162e+00	1.019369e-01	-2.478713e+00
4.490000e+00	-2.327060e+00	-7.365953e-01	-1.677918e+00	-6.661338e-16	-2.000000e-01	-8.000000e-01	-1.755451e+00	1.041738e-01	-2.470626e+00
4.500000e+00	-2.309080e+00	-7.218530e-01	-1.666302e+00	-4.440892e-16	-2.000000e-01	-8.000000e-01	-1.735156e+00	1.061494e-01	-2.462269e+00
4.510000e+00	-2.290940e+00	-7.070364e-01	-1.654574e+00	4.440892e-16	-2.000000e-01	-8.000000e-01	-1.714311e+00	1.078983e-01	-2.453582e+00
4.520000e+00	-2.272645e+00	-6.921514e-01	-1.642738e+00	6.661338e-16	-2.000000e-01	-8.000000e-01	-1.692954e+00	1.094578e-01	-2.444509e+00
4.530000e+00	-2.254204e+00	-6.772035e-01	-1.630798e+00	0.000000e+00	-2.000000e-01	-8.000000e-01	-1.671123e+00	1.108675e-01	-2.434993e+00
4.540000e+00	-2.235621e+00	-6.621982e-01	-1.618759e+00	-6.661338e-16	-2.000000e-01	-8.000000e-01	-1.648863e+00	1.121693e-01	-2.424981e+00
4.550000e+00	-2.216905e+00	-6.471412e-01	-1.606624e+00	-3.330669e-16	-2.000000e-01	-8.000000e-01	-1.626220e+00	1.134072e-01	-2.414424e+00
4.560000e+00	-2.198060e+00	-6.320380e-01	-1.594398e+00	4.440892e-16	-2.000000e-01	-8.000000e-01	-1.603242e+00	1.146272e-01	-2.403281e+00
4.570000e+00	-2.179095e+00	-6.168940e-01	-1.582085e+00	-3.330669e-16	-2.000000e-01	-8.000000e-01	-1.579980e+00	1.158766e-01	-2.391517e+00
4.580000e+00	-2.160016e+00	-6.017147e-01	-1.569690e+00	-1.110223e-16	-2.000000e-01	-8.000000e-01	-1.556489e+00	1.172044e-01	-2.379101e+00
4.590000e+00	-2.140829e+00	-5.865056e-01	-1.557217e+00	0.000000e+00	-2.000000e-01	-8.000000e-01	-1.532824e+00	1.186604e-01	-2.366015e+00
4.600000e+00	-2.121541e+00	-5.712720e-01	-1.544670e+00	3.330669e-16	-2.000000e-01	-8.000000e-01	-1.509040e+00	1.202953e-01	-2.352244e+00
4.610000e+00	-2.102160e+00	-5.560194e-01	-1.532054e+00	-3.330669e-16	-2.000000e-01	-8.000000e-01	-1.485198e+00	1.221600e-01	-2.337780e+00
4.620000e+00	-2.082693e+00	-5.407531e-01	-1.519373e+00	-4.440892e-16	-2.000000e-01	-8.000000e-01	-1.461355e+00	1.243054e-01	-2.322624e+00
4.630000e+00	-2.063145e+00	-5.254784e-01	-1.506633e+00	7.771561e-16	-2.000000e-01	-8.000000e-01	-1.437572e+00	1.267818e-01	-2.306778e+00
4.640000e+00	-2.043525e+00	-5.102007e-01	-1.493837e+00	2.220446e-16	-2.000000e-01	-8.000000e-01	-1.413906e+00	1.296387e-01	-2.290253e+00
4.650000e+00	-2.023840e+00	-4.949253e-01	-1.480991e+00	-1.110223e-16	-2.000000e-01	-8.000000e-01	-1.390418e+00	1.329237e-01	-2.273059e+00
4.660000e+00	-2.004097e+00	-4.796574e-01	-1.468099e+00	5.551115e-16	-2.000000e-01	-8.000000e-01	-1.367163e+00	1.366824e-01	-2.255212e+00
4.670000e+00	-1.984303e+00	-4.644023e-01	-1.455166e+00	4.440892e-16	-2.000000e-01	-8.000000e-01	-1.344198e+00	1.409576e-01	-2.236728e+00
4.680000e+00	-1.964465e+00	-4.491653e-01	-1.442196e+00	-1.646683e-12	-2.000000e-01	-8.000000e-01	-1.321574e+00	1.457888e-01	-2.217623e+00
4.690000e+00	-1.944590e+00	-4.339514e-01	-1.429196e+00	-1.596501e-12	-2.000000e-01	-8.000000e-01	-1.299341e+00	1.512117e-01	-2.197916e+00
4.700000e+00	-1.924687e+00	-4.187660e-01	-1.416169e+00	-1.549982e-12	-2.000000e-01	-8.000000e-01	-1.277545e+00	1.572573e-01	-2.177624e+00
4.710000e+00	-1.904762e+00	-4.036142e-01	-1.403120e+00	-1.504574e-12	-2.000000e-01	-8.000000e-01	-1.256227e+00	1.639518e-01	-2.156762e+00
4.720000e+00	-1.884824e+00	-3.885011e-01	-1.390055e+00	-1.461054e-12	-2.000000e-01	-8.000000e-01	-1.235424e+00	1.713161e-01	-2.135346e+00
4.730000e+00	-1.864878e+00	-3.734318e-01	-1.376978e+00	-1.420419e-12	-2.000000e-01	-8.000000e-01	-1.215167e+00	1.793657e-01	-2.113388e+00
4.740000e+00	-1.844934e+00	-3.584114e-01	-1.363895e+00	-1.381451e-12	-2.000000e-01	-8.000000e-01	-1.195483e+00	1.881100e-01	-2.090901e+00
4.750000e+00	-1.824999e+00	-3.434450e-01	-1.350810e+00	-1.343037e-12	-2.000000e-01	-8.000000e-01	-1.176392e+00	1.975529e-01	-2.067893e+00
4.760000e+00	-1.805079e+00	-3.285376e-01	-1.337729e+00	-1.307399e-12	-2.000000e-01	-8.000000e-01	-1.157909e+00	2.076925e-01	-2.044373e+00
4.770000e+00	-1.785184e+00	-3.136942e-01	-1.324657e+00	-1.272538e-12	-2.000000e-01	-8.000000e-01	-1.140045e+00	2.185216e-01	-2.020347e+00
4.780000e+00	-1.765320e+00	-2.989198e-01	-1.311599e+00	-1.238232e-12	-2.000000e-01	-8.000000e-01	-1.122804e+00	2.300277e-01	-1.995818e+00
4.790000e+00	-1.745496e+00	-2.842193e-01	-1.298560e+00	-1.206257e-12	-2.000000e-01	-8.000000e-01	-1.106186e+00	2.421935e-01	-1.970790e+00
4.800000e+00	-1.725718e+00	-2.695976e-01	-1.285545e+00	-1.174394e-12	-2.000000e-01	-8.000000e-01	-1.090188e+00	2.549977e-01	-1.945266e+00
4.810000e+00	-1.705995e+00	-2.550598e-01	-1.272560e+00	-1.143641e-12	-2.000000e-01	-8.000000e-01	-1.074800e+00	2.684149e-01	-1.919248e+00
4.820000e+00	-1.686335e+00	-2.406105e-01	-1.259610e+00	-1.114109e-12	-2.000000e-01	-8.000000e-01	-1.060011e+00	2.824167e-01	-1.892738e+00
4.830000e+00	-1.666745e+00	-2.262546e-01	-1.246700e+00	-1.085354e-12	-2.000000e-01	-8.000000e-01	-1.045806e+00	2.969719e-01	-1.865739e+00
4.840000e+00	-1.647233e+00	-2.119969e-01	-1.233835e+00	-1.056932e-12	-2.000000e-01	-8.000000e-01	-1.032169e+00	3.120470e-01	-1.838256e+00
4.850000e+00	-1.627807e+00	-1.978421e-01	-1.221021e+00	-1.028622e-12	-2.000000e-01	-8.000000e-01	-1.019079e+00	3.276068e-01	-1.810297e+00
4.860000e+00	-1.608474e+00	-1.837950e-01	-1.208262e+00	-1.002531e-12	-2.000000e-01	-8.000000e-01	-1.006517e+00	3.436150e-01	-1.781872e+00
4.870000e+00	-1.589243e+00	-1.698602e-01	-1.195565e+00	-9.756640e-13	-2.000000e-01	-8.000000e-01	-9.944595e-01	3.600340e-01	-1.752994e+00
4.880000e+00	-1.570121e+00	-1.560424e-01	-1.182934e+00	-9.486856e-13	-2.000000e-01	-8.000000e-01	-9.828845e-01	3.768258e-01	-1.723682e+00
4.890000e+00	-1.551116e+00	-1.423460e-01	-1.170375e+00	-9.238166e-13	-2.000000e-01	-8.000000e-01	-9.717685e-01	3.939521e-01	-1.693960e+00
4.900000e+00	-1.532235e+00	-1.287757e-01	-1.157893e+00	-8.972822e-13	-2.000000e-01	-8.000000e-01	-9.610876e-01	4.113744e-01	-1.663857e+00
4.910000e+00	-1.513487e+00	-1.153360e-01	-1.145493e+00	-8.724133e-13	-2.000000e-01	-8.000000e-01	-9.508181e-01	4.290543e-01	-1.633408e+00
4.920000e+00	-1.494879e+00	-1.020313e-01	-1.133181e+00	-8.475443e-13	-2.000000e-01	-8.000000e-01	-9.409364e-01	4.469539e-01	-1.602654e+00
4.930000e+00	-1.476419e+00	-8.886606e-02	-1.120961e+00	-8.224532e-13	-2.000000e-01	-8.000000e-01	-9.314190e-01	4.650353e-01	-1.571643e+00
4.940000e+00	-1.458114e+00	-7.584455e-02	-1.108839e+00	-7.974732e-13	-2.000000e-01	-8.000000e-01	-9.222430e-01	4.832614e-01	-1.540427e+00
4.950000e+00	-1.439972e+00	-6.297110e-02	-1.096821e+00	-7.732703e-13	-2.000000e-01	-8.000000e-01	-9.133859e-01	5.015956e-01	-1.509065e+00
4.960000e+00	-1.422001e+00	-5.024996e-02	-1.084910e+00	-7.503997e-13	-2.000000e-01	-8.000000e-01	-9.048258e-01	5.200017e-01	-1.477620e+00
4.970000e+00	-1.404208e+00	-3.768534e-02	-1.073114e+00	-7.259748e-13	-2.000000e-01	-8.000000e-01	-8.965416e-01	5.384446e-01	-1.446158e+00
4.980000e+00	-1.386601e+00	-2.528137e-02	-1.061436e+00	-7.032153e-13	-2.000000e-01	-8.000000e-01	-8.885128e-01	5.568895e-01	-1.414747e+00
4.990000e+00	-1.369186e+00	-1.304214e-02	-1.049882e+00	-6.797896e-13	-2.000000e-01	-8.000000e-01	-8.807197e-01	5.753027e-01	-1.383458e+00
5.000000e+00	-1.351972e+00	-9.716745e-04	-1.038457e+00	-6.566414e-13	-2.000000e-01	-8.000000e-01	-8.731436e-01	5.936509e-01	-1.352360e+00


