"DMS_Project"

"Time      "	".A1.Translational_Displacement.X"	".D1.Translational_Displacement.X"	".M1.Translational_Displacement.X"	".O1.Translational_Displacement.X"	".H7.Translational_Displacement.X"	".N5.Translational_Displacement.X"	".C2.Translational_Displacement.X"	".G2.Translational_Displacement.X"	".K3.Translational_Displacement.X"
0.000000e+00	2.900000e+00	2.200000e+00	1.900000e+00	2.220446e-16	4.000000e-01	1.000000e-01	2.500000e+00	1.600000e+00	3.400000e+00
1.000000e-02	2.886845e+00	2.197193e+00	1.890312e+00	-2.220446e-16	4.000000e-01	1.000000e-01	2.472507e+00	1.617050e+00	3.386746e+00
2.000000e-02	2.873505e+00	2.194271e+00	1.880500e+00	2.220446e-16	4.000000e-01	1.000000e-01	2.444803e+00	1.634279e+00	3.373123e+00
3.000000e-02	2.859982e+00	2.191234e+00	1.870564e+00	3.067990e-12	4.000000e-01	1.000000e-01	2.416937e+00	1.651644e+00	3.359157e+00
4.000000e-02	2.846281e+00	2.188081e+00	1.860508e+00	3.104184e-12	4.000000e-01	1.000000e-01	2.388961e+00	1.669099e+00	3.344875e+00
5.000000e-02	2.832404e+00	2.184814e+00	1.850334e+00	2.220446e-16	4.000000e-01	1.000000e-01	2.360927e+00	1.686598e+00	3.330303e+00
6.000000e-02	2.818354e+00	2.181432e+00	1.840045e+00	0.000000e+00	4.000000e-01	1.000000e-01	2.332885e+00	1.704094e+00	3.315466e+00
7.000000e-02	2.804136e+00	2.177936e+00	1.829644e+00	2.220446e-16	4.000000e-01	1.000000e-01	2.304889e+00	1.721537e+00	3.300389e+00
8.000000e-02	2.789753e+00	2.174326e+00	1.819133e+00	0.000000e+00	4.000000e-01	1.000000e-01	2.276989e+00	1.738878e+00	3.285093e+00
9.000000e-02	2.775210e+00	2.170603e+00	1.808515e+00	0.000000e+00	4.000000e-01	1.000000e-01	2.249236e+00	1.756068e+00	3.269601e+00
1.000000e-01	2.760511e+00	2.166768e+00	1.797795e+00	0.000000e+00	4.000000e-01	1.000000e-01	2.221681e+00	1.773057e+00	3.253933e+00
1.100000e-01	2.745661e+00	2.162821e+00	1.786975e+00	-2.220446e-16	4.000000e-01	1.000000e-01	2.194372e+00	1.789795e+00	3.238108e+00
1.200000e-01	2.730663e+00	2.158765e+00	1.776058e+00	0.000000e+00	4.000000e-01	1.000000e-01	2.167358e+00	1.806232e+00	3.222144e+00
1.300000e-01	2.715524e+00	2.154599e+00	1.765049e+00	2.220446e-16	4.000000e-01	1.000000e-01	2.140686e+00	1.822321e+00	3.206058e+00
1.400000e-01	2.700249e+00	2.150325e+00	1.753951e+00	6.661338e-16	4.000000e-01	1.000000e-01	2.114399e+00	1.838013e+00	3.189867e+00
1.500000e-01	2.684843e+00	2.145946e+00	1.742768e+00	-4.440892e-16	4.000000e-01	1.000000e-01	2.088542e+00	1.853261e+00	3.173585e+00
1.600000e-01	2.669311e+00	2.141462e+00	1.731505e+00	-2.220446e-16	4.000000e-01	1.000000e-01	2.063154e+00	1.868021e+00	3.157227e+00
1.700000e-01	2.653661e+00	2.136876e+00	1.720165e+00	2.220446e-16	4.000000e-01	1.000000e-01	2.038276e+00	1.882249e+00	3.140808e+00
1.800000e-01	2.637898e+00	2.132189e+00	1.708754e+00	2.220446e-16	4.000000e-01	1.000000e-01	2.013943e+00	1.895903e+00	3.124340e+00
1.900000e-01	2.622028e+00	2.127404e+00	1.697276e+00	-4.440892e-16	4.000000e-01	1.000000e-01	1.990191e+00	1.908944e+00	3.107838e+00
2.000000e-01	2.606058e+00	2.122524e+00	1.685735e+00	4.440892e-16	4.000000e-01	1.000000e-01	1.967050e+00	1.921335e+00	3.091313e+00
2.100000e-01	2.589996e+00	2.117550e+00	1.674137e+00	-4.440892e-16	4.000000e-01	1.000000e-01	1.944551e+00	1.933039e+00	3.074779e+00
2.200000e-01	2.573848e+00	2.112485e+00	1.662486e+00	-2.220446e-16	4.000000e-01	1.000000e-01	1.922719e+00	1.944027e+00	3.058246e+00
2.300000e-01	2.557622e+00	2.107333e+00	1.650790e+00	4.688028e-12	4.000000e-01	1.000000e-01	1.901580e+00	1.954266e+00	3.041727e+00
2.400000e-01	2.541327e+00	2.102096e+00	1.639051e+00	4.847678e-12	4.000000e-01	1.000000e-01	1.881155e+00	1.963732e+00	3.025233e+00
2.500000e-01	2.524969e+00	2.096777e+00	1.627278e+00	5.018430e-12	4.000000e-01	1.000000e-01	1.861463e+00	1.972400e+00	3.008774e+00
2.600000e-01	2.508558e+00	2.091381e+00	1.615475e+00	5.201617e-12	4.000000e-01	1.000000e-01	1.842521e+00	1.980248e+00	2.992359e+00
2.700000e-01	2.492102e+00	2.085910e+00	1.603648e+00	5.397460e-12	4.000000e-01	1.000000e-01	1.824344e+00	1.987259e+00	2.976000e+00
2.800000e-01	2.475611e+00	2.080369e+00	1.591805e+00	5.606182e-12	4.000000e-01	1.000000e-01	1.806944e+00	1.993418e+00	2.959703e+00
2.900000e-01	2.459093e+00	2.074761e+00	1.579951e+00	5.829115e-12	4.000000e-01	1.000000e-01	1.790331e+00	1.998713e+00	2.943478e+00
3.000000e-01	2.442558e+00	2.069092e+00	1.568094e+00	6.066703e-12	4.000000e-01	1.000000e-01	1.774513e+00	2.003135e+00	2.927331e+00
3.100000e-01	2.426016e+00	2.063364e+00	1.556239e+00	6.319389e-12	4.000000e-01	1.000000e-01	1.759496e+00	2.006677e+00	2.911268e+00
3.200000e-01	2.409477e+00	2.057583e+00	1.544396e+00	6.587841e-12	4.000000e-01	1.000000e-01	1.745284e+00	2.009337e+00	2.895296e+00
3.300000e-01	2.392953e+00	2.051754e+00	1.532570e+00	6.872725e-12	4.000000e-01	1.000000e-01	1.731879e+00	2.011113e+00	2.879419e+00
3.400000e-01	2.376454e+00	2.045881e+00	1.520770e+00	7.174261e-12	4.000000e-01	1.000000e-01	1.719283e+00	2.012008e+00	2.863641e+00
3.500000e-01	2.359991e+00	2.039971e+00	1.509004e+00	7.493117e-12	4.000000e-01	1.000000e-01	1.707495e+00	2.012028e+00	2.847965e+00
3.600000e-01	2.343576e+00	2.034027e+00	1.497279e+00	7.828405e-12	4.000000e-01	1.000000e-01	1.696513e+00	2.011179e+00	2.832394e+00
3.700000e-01	2.327221e+00	2.028058e+00	1.485605e+00	8.181011e-12	4.000000e-01	1.000000e-01	1.686335e+00	2.009471e+00	2.816929e+00
3.800000e-01	2.310938e+00	2.022067e+00	1.473989e+00	8.550494e-12	4.000000e-01	1.000000e-01	1.676955e+00	2.006917e+00	2.801572e+00
3.900000e-01	2.294741e+00	2.016062e+00	1.462441e+00	8.936851e-12	4.000000e-01	1.000000e-01	1.668370e+00	2.003531e+00	2.786324e+00
4.000000e-01	2.278642e+00	2.010048e+00	1.450970e+00	9.339640e-12	4.000000e-01	1.000000e-01	1.660573e+00	1.999329e+00	2.771186e+00
4.100000e-01	2.262655e+00	2.004033e+00	1.439584e+00	9.756418e-12	4.000000e-01	1.000000e-01	1.653557e+00	1.994331e+00	2.756158e+00
4.200000e-01	2.246794e+00	1.998023e+00	1.428295e+00	1.018718e-11	4.000000e-01	1.000000e-01	1.647316e+00	1.988557e+00	2.741241e+00
4.300000e-01	2.231072e+00	1.992025e+00	1.417111e+00	1.062905e-11	4.000000e-01	1.000000e-01	1.641840e+00	1.982028e+00	2.726435e+00
4.400000e-01	2.215506e+00	1.986047e+00	1.406044e+00	1.108114e-11	4.000000e-01	1.000000e-01	1.637122e+00	1.974770e+00	2.711740e+00
4.500000e-01	2.200109e+00	1.980096e+00	1.395102e+00	1.153966e-11	4.000000e-01	1.000000e-01	1.633151e+00	1.966807e+00	2.697159e+00
4.600000e-01	2.184896e+00	1.974180e+00	1.384298e+00	1.200062e-11	4.000000e-01	1.000000e-01	1.629919e+00	1.958166e+00	2.682691e+00
4.700000e-01	2.169885e+00	1.968307e+00	1.373641e+00	1.246181e-11	4.000000e-01	1.000000e-01	1.627416e+00	1.948877e+00	2.668339e+00
4.800000e-01	2.155090e+00	1.962485e+00	1.363143e+00	1.291611e-11	4.000000e-01	1.000000e-01	1.625631e+00	1.938968e+00	2.654104e+00
4.900000e-01	2.140528e+00	1.956722e+00	1.352815e+00	1.335998e-11	4.000000e-01	1.000000e-01	1.624553e+00	1.928471e+00	2.639990e+00
5.000000e-01	2.126216e+00	1.951028e+00	1.342669e+00	1.378608e-11	4.000000e-01	1.000000e-01	1.624170e+00	1.917417e+00	2.625999e+00
5.100000e-01	2.112171e+00	1.945410e+00	1.332716e+00	1.418843e-11	4.000000e-01	1.000000e-01	1.624472e+00	1.905839e+00	2.612134e+00
5.200000e-01	2.098409e+00	1.939878e+00	1.322968e+00	1.455858e-11	4.000000e-01	1.000000e-01	1.625445e+00	1.893772e+00	2.598401e+00
5.300000e-01	2.084949e+00	1.934441e+00	1.313438e+00	1.488942e-11	4.000000e-01	1.000000e-01	1.627079e+00	1.881250e+00	2.584802e+00
5.400000e-01	2.071808e+00	1.929108e+00	1.304137e+00	1.517075e-11	4.000000e-01	1.000000e-01	1.629359e+00	1.868308e+00	2.571344e+00
5.500000e-01	2.059003e+00	1.923888e+00	1.295079e+00	1.539435e-11	4.000000e-01	1.000000e-01	1.632272e+00	1.854982e+00	2.558030e+00
5.600000e-01	2.046553e+00	1.918791e+00	1.286274e+00	1.554978e-11	4.000000e-01	1.000000e-01	1.635805e+00	1.841310e+00	2.544868e+00
5.700000e-01	2.034476e+00	1.913826e+00	1.277736e+00	1.562972e-11	4.000000e-01	1.000000e-01	1.639944e+00	1.827328e+00	2.531864e+00
5.800000e-01	2.022790e+00	1.909003e+00	1.269478e+00	1.562306e-11	4.000000e-01	1.000000e-01	1.644673e+00	1.813075e+00	2.519023e+00
5.900000e-01	2.011513e+00	1.904331e+00	1.261510e+00	1.552269e-11	4.000000e-01	1.000000e-01	1.649978e+00	1.798588e+00	2.506352e+00
6.000000e-01	2.000663e+00	1.899820e+00	1.253847e+00	1.531975e-11	4.000000e-01	1.000000e-01	1.655842e+00	1.783906e+00	2.493860e+00
6.100000e-01	1.990256e+00	1.895479e+00	1.246500e+00	1.500955e-11	4.000000e-01	1.000000e-01	1.662249e+00	1.769068e+00	2.481555e+00
6.200000e-01	1.980313e+00	1.891317e+00	1.239481e+00	1.458700e-11	4.000000e-01	1.000000e-01	1.669182e+00	1.754113e+00	2.469445e+00
6.300000e-01	1.970848e+00	1.887344e+00	1.232802e+00	1.405098e-11	4.000000e-01	1.000000e-01	1.676622e+00	1.739080e+00	2.457539e+00
6.400000e-01	1.961879e+00	1.883568e+00	1.226475e+00	1.340150e-11	4.000000e-01	1.000000e-01	1.684550e+00	1.724008e+00	2.445850e+00
6.500000e-01	1.953423e+00	1.879999e+00	1.220511e+00	1.264300e-11	4.000000e-01	1.000000e-01	1.692946e+00	1.708937e+00	2.434389e+00
6.600000e-01	1.945495e+00	1.876644e+00	1.214920e+00	1.178257e-11	4.000000e-01	1.000000e-01	1.701790e+00	1.693905e+00	2.423170e+00
6.700000e-01	1.938111e+00	1.873512e+00	1.209714e+00	1.083023e-11	4.000000e-01	1.000000e-01	1.711060e+00	1.678953e+00	2.412210e+00
6.800000e-01	1.931285e+00	1.870611e+00	1.204903e+00	9.801049e-12	4.000000e-01	1.000000e-01	1.720731e+00	1.664119e+00	2.401528e+00
6.900000e-01	1.925030e+00	1.867947e+00	1.200495e+00	8.713696e-12	4.000000e-01	1.000000e-01	1.730781e+00	1.649442e+00	2.391144e+00
7.000000e-01	1.919360e+00	1.865528e+00	1.196499e+00	7.588374e-12	4.000000e-01	1.000000e-01	1.741182e+00	1.634961e+00	2.381084e+00
7.100000e-01	1.914285e+00	1.863359e+00	1.192924e+00	6.451062e-12	4.000000e-01	1.000000e-01	1.751909e+00	1.620715e+00	2.371376e+00
7.200000e-01	1.909817e+00	1.861448e+00	1.189776e+00	5.326850e-12	4.000000e-01	1.000000e-01	1.762932e+00	1.606742e+00	2.362052e+00
7.300000e-01	1.905966e+00	1.859797e+00	1.187064e+00	4.243050e-12	4.000000e-01	1.000000e-01	1.774221e+00	1.593080e+00	2.353147e+00
7.400000e-01	1.902739e+00	1.858414e+00	1.184791e+00	3.229417e-12	4.000000e-01	1.000000e-01	1.785746e+00	1.579766e+00	2.344701e+00
7.500000e-01	1.900143e+00	1.857300e+00	1.182963e+00	0.000000e+00	4.000000e-01	1.000000e-01	1.797473e+00	1.566838e+00	2.336757e+00
7.600000e-01	1.898185e+00	1.856459e+00	1.181584e+00	2.220446e-16	4.000000e-01	1.000000e-01	1.809367e+00	1.554331e+00	2.329361e+00
7.700000e-01	1.896869e+00	1.855893e+00	1.180657e+00	2.220446e-16	4.000000e-01	1.000000e-01	1.821393e+00	1.542282e+00	2.322563e+00
7.800000e-01	1.896197e+00	1.855604e+00	1.180184e+00	0.000000e+00	4.000000e-01	1.000000e-01	1.833513e+00	1.530725e+00	2.316411e+00
7.900000e-01	1.896172e+00	1.855593e+00	1.180166e+00	-2.220446e-16	4.000000e-01	1.000000e-01	1.845689e+00	1.519696e+00	2.310959e+00
8.000000e-01	1.896792e+00	1.855860e+00	1.180603e+00	-2.220446e-16	4.000000e-01	1.000000e-01	1.857879e+00	1.509227e+00	2.306257e+00
8.100000e-01	1.898057e+00	1.856403e+00	1.181494e+00	0.000000e+00	4.000000e-01	1.000000e-01	1.870045e+00	1.499350e+00	2.302357e+00
8.200000e-01	1.899964e+00	1.857223e+00	1.182837e+00	0.000000e+00	4.000000e-01	1.000000e-01	1.882144e+00	1.490097e+00	2.299307e+00
8.300000e-01	1.902509e+00	1.858315e+00	1.184629e+00	-2.220446e-16	4.000000e-01	1.000000e-01	1.894134e+00	1.481496e+00	2.297153e+00
8.400000e-01	1.905686e+00	1.859677e+00	1.186866e+00	0.000000e+00	4.000000e-01	1.000000e-01	1.905973e+00	1.473576e+00	2.295936e+00
8.500000e-01	1.909488e+00	1.861306e+00	1.189544e+00	-2.220446e-16	4.000000e-01	1.000000e-01	1.917619e+00	1.466361e+00	2.295694e+00
8.600000e-01	1.913907e+00	1.863198e+00	1.192657e+00	-2.220446e-16	4.000000e-01	1.000000e-01	1.929031e+00	1.459876e+00	2.296460e+00
8.700000e-01	1.918933e+00	1.865346e+00	1.196199e+00	0.000000e+00	4.000000e-01	1.000000e-01	1.940170e+00	1.454142e+00	2.298259e+00
8.800000e-01	1.924557e+00	1.867745e+00	1.200161e+00	-4.440892e-16	4.000000e-01	1.000000e-01	1.950996e+00	1.449176e+00	2.301112e+00
8.900000e-01	1.930766e+00	1.870390e+00	1.204537e+00	-2.220446e-16	4.000000e-01	1.000000e-01	1.961474e+00	1.444995e+00	2.305035e+00
9.000000e-01	1.937547e+00	1.873273e+00	1.209317e+00	-2.220446e-16	4.000000e-01	1.000000e-01	1.971569e+00	1.441610e+00	2.310034e+00
9.100000e-01	1.944887e+00	1.876386e+00	1.214492e+00	8.694379e-12	4.000000e-01	1.000000e-01	1.981253e+00	1.439029e+00	2.316114e+00
9.200000e-01	1.952772e+00	1.879724e+00	1.220052e+00	9.801049e-12	4.000000e-01	1.000000e-01	1.990496e+00	1.437259e+00	2.323271e+00
9.300000e-01	1.961187e+00	1.883276e+00	1.225986e+00	1.085132e-11	4.000000e-01	1.000000e-01	1.999277e+00	1.436300e+00	2.331495e+00
9.400000e-01	1.970115e+00	1.887036e+00	1.232285e+00	1.182565e-11	4.000000e-01	1.000000e-01	2.007576e+00	1.436149e+00	2.340773e+00
9.500000e-01	1.979541e+00	1.890994e+00	1.238936e+00	1.270983e-11	4.000000e-01	1.000000e-01	2.015377e+00	1.436801e+00	2.351083e+00
9.600000e-01	1.989447e+00	1.895141e+00	1.245929e+00	1.349187e-11	4.000000e-01	1.000000e-01	2.022670e+00	1.438246e+00	2.362403e+00
9.700000e-01	1.999817e+00	1.899468e+00	1.253250e+00	1.416489e-11	4.000000e-01	1.000000e-01	2.029449e+00	1.440470e+00	2.374703e+00
9.800000e-01	2.010633e+00	1.903966e+00	1.260889e+00	1.472356e-11	4.000000e-01	1.000000e-01	2.035711e+00	1.443456e+00	2.387947e+00
9.900000e-01	2.021877e+00	1.908626e+00	1.268832e+00	1.516653e-11	4.000000e-01	1.000000e-01	2.041457e+00	1.447184e+00	2.402099e+00
1.000000e+00	2.033531e+00	1.913437e+00	1.277068e+00	1.549583e-11	4.000000e-01	1.000000e-01	2.046693e+00	1.451632e+00	2.417115e+00
1.010000e+00	2.045578e+00	1.918391e+00	1.285584e+00	1.571587e-11	4.000000e-01	1.000000e-01	2.051426e+00	1.456774e+00	2.432948e+00
1.020000e+00	2.057998e+00	1.923478e+00	1.294368e+00	1.583178e-11	4.000000e-01	1.000000e-01	2.055669e+00	1.462584e+00	2.449547e+00
1.030000e+00	2.070775e+00	1.928688e+00	1.303407e+00	1.585110e-11	4.000000e-01	1.000000e-01	2.059436e+00	1.469032e+00	2.466858e+00
1.040000e+00	2.083890e+00	1.934013e+00	1.312689e+00	1.578226e-11	4.000000e-01	1.000000e-01	2.062741e+00	1.476088e+00	2.484822e+00
1.050000e+00	2.097326e+00	1.939442e+00	1.322201e+00	1.563438e-11	4.000000e-01	1.000000e-01	2.065604e+00	1.483721e+00	2.503379e+00
1.060000e+00	2.111064e+00	1.944966e+00	1.331932e+00	1.541656e-11	4.000000e-01	1.000000e-01	2.068043e+00	1.491897e+00	2.522464e+00
1.070000e+00	2.125088e+00	1.950578e+00	1.341869e+00	1.513922e-11	4.000000e-01	1.000000e-01	2.070079e+00	1.500585e+00	2.542012e+00
1.080000e+00	2.139379e+00	1.956266e+00	1.352000e+00	1.481104e-11	4.000000e-01	1.000000e-01	2.071734e+00	1.509750e+00	2.561954e+00
1.090000e+00	2.153922e+00	1.962024e+00	1.362314e+00	1.444023e-11	4.000000e-01	1.000000e-01	2.073029e+00	1.519358e+00	2.582222e+00
1.100000e+00	2.168699e+00	1.967841e+00	1.372799e+00	1.403699e-11	4.000000e-01	1.000000e-01	2.073987e+00	1.529377e+00	2.602747e+00
1.110000e+00	2.183693e+00	1.973711e+00	1.383443e+00	1.360756e-11	4.000000e-01	1.000000e-01	2.074631e+00	1.539772e+00	2.623463e+00
1.120000e+00	2.198890e+00	1.979624e+00	1.394237e+00	1.315992e-11	4.000000e-01	1.000000e-01	2.074985e+00	1.550510e+00	2.644303e+00
1.130000e+00	2.214273e+00	1.985572e+00	1.405168e+00	1.269962e-11	4.000000e-01	1.000000e-01	2.075071e+00	1.561557e+00	2.665204e+00
1.140000e+00	2.229827e+00	1.991548e+00	1.416226e+00	1.223244e-11	4.000000e-01	1.000000e-01	2.074915e+00	1.572878e+00	2.686105e+00
1.150000e+00	2.245536e+00	1.997545e+00	1.427401e+00	1.176503e-11	4.000000e-01	1.000000e-01	2.074538e+00	1.584442e+00	2.706952e+00
1.160000e+00	2.261387e+00	2.003554e+00	1.438682e+00	1.129874e-11	4.000000e-01	1.000000e-01	2.073967e+00	1.596215e+00	2.727692e+00
1.170000e+00	2.277365e+00	2.009569e+00	1.450060e+00	1.083977e-11	4.000000e-01	1.000000e-01	2.073223e+00	1.608162e+00	2.748281e+00
1.180000e+00	2.293455e+00	2.015583e+00	1.461524e+00	1.038947e-11	4.000000e-01	1.000000e-01	2.072333e+00	1.620252e+00	2.768678e+00
1.190000e+00	2.309645e+00	2.021589e+00	1.473067e+00	9.950485e-12	4.000000e-01	1.000000e-01	2.071319e+00	1.632452e+00	2.788847e+00
1.200000e+00	2.325921e+00	2.027581e+00	1.484677e+00	9.525492e-12	4.000000e-01	1.000000e-01	2.070207e+00	1.644727e+00	2.808761e+00
1.210000e+00	2.342271e+00	2.033553e+00	1.496348e+00	9.114709e-12	4.000000e-01	1.000000e-01	2.069021e+00	1.657045e+00	2.828394e+00
1.220000e+00	2.358681e+00	2.039498e+00	1.508068e+00	8.721024e-12	4.000000e-01	1.000000e-01	2.067787e+00	1.669374e+00	2.847728e+00
1.230000e+00	2.375141e+00	2.045412e+00	1.519832e+00	8.343326e-12	4.000000e-01	1.000000e-01	2.066529e+00	1.681679e+00	2.866750e+00
1.240000e+00	2.391638e+00	2.051288e+00	1.531629e+00	7.982282e-12	4.000000e-01	1.000000e-01	2.065272e+00	1.693928e+00	2.885450e+00
1.250000e+00	2.408161e+00	2.057120e+00	1.543453e+00	7.639667e-12	4.000000e-01	1.000000e-01	2.064043e+00	1.706087e+00	2.903822e+00
1.260000e+00	2.424698e+00	2.062905e+00	1.555296e+00	7.314149e-12	4.000000e-01	1.000000e-01	2.062866e+00	1.718123e+00	2.921863e+00
1.270000e+00	2.441240e+00	2.068637e+00	1.567149e+00	7.005951e-12	4.000000e-01	1.000000e-01	2.061769e+00	1.730003e+00	2.939575e+00
1.280000e+00	2.457776e+00	2.074312e+00	1.579007e+00	6.714407e-12	4.000000e-01	1.000000e-01	2.060776e+00	1.741694e+00	2.956959e+00
1.290000e+00	2.474296e+00	2.079925e+00	1.590861e+00	6.440182e-12	4.000000e-01	1.000000e-01	2.059915e+00	1.753162e+00	2.974021e+00
1.300000e+00	2.490790e+00	2.085472e+00	1.602706e+00	6.181278e-12	4.000000e-01	1.000000e-01	2.059211e+00	1.764374e+00	2.990767e+00
1.310000e+00	2.507249e+00	2.090948e+00	1.614534e+00	5.937695e-12	4.000000e-01	1.000000e-01	2.058691e+00	1.775297e+00	3.007205e+00
1.320000e+00	2.523664e+00	2.096350e+00	1.626339e+00	5.709211e-12	4.000000e-01	1.000000e-01	2.058382e+00	1.785898e+00	3.023343e+00
1.330000e+00	2.540026e+00	2.101675e+00	1.638115e+00	5.494938e-12	4.000000e-01	1.000000e-01	2.058309e+00	1.796145e+00	3.039192e+00
1.340000e+00	2.556327e+00	2.106919e+00	1.649856e+00	5.294654e-12	4.000000e-01	1.000000e-01	2.058500e+00	1.806004e+00	3.054762e+00
1.350000e+00	2.572559e+00	2.112078e+00	1.661557e+00	5.106804e-12	4.000000e-01	1.000000e-01	2.058981e+00	1.815445e+00	3.070063e+00
1.360000e+00	2.588713e+00	2.117150e+00	1.673211e+00	4.931389e-12	4.000000e-01	1.000000e-01	2.059777e+00	1.824436e+00	3.085107e+00
1.370000e+00	2.604782e+00	2.122131e+00	1.684813e+00	4.767964e-12	4.000000e-01	1.000000e-01	2.060914e+00	1.832946e+00	3.099905e+00
1.380000e+00	2.620759e+00	2.127019e+00	1.696359e+00	4.614975e-12	4.000000e-01	1.000000e-01	2.062418e+00	1.840944e+00	3.114469e+00
1.390000e+00	2.636638e+00	2.131812e+00	1.707842e+00	4.473089e-12	4.000000e-01	1.000000e-01	2.064314e+00	1.848402e+00	3.128811e+00
1.400000e+00	2.652410e+00	2.136506e+00	1.719259e+00	4.340306e-12	4.000000e-01	1.000000e-01	2.066626e+00	1.855290e+00	3.142944e+00
1.410000e+00	2.668069e+00	2.141101e+00	1.730605e+00	4.216405e-12	4.000000e-01	1.000000e-01	2.069378e+00	1.861583e+00	3.156880e+00
1.420000e+00	2.683611e+00	2.145593e+00	1.741874e+00	4.101608e-12	4.000000e-01	1.000000e-01	2.072593e+00	1.867252e+00	3.170630e+00
1.430000e+00	2.699027e+00	2.149980e+00	1.753063e+00	3.995027e-12	4.000000e-01	1.000000e-01	2.076293e+00	1.872274e+00	3.184209e+00
1.440000e+00	2.714313e+00	2.154262e+00	1.764168e+00	3.895773e-12	4.000000e-01	1.000000e-01	2.080500e+00	1.876625e+00	3.197627e+00
1.450000e+00	2.729463e+00	2.158437e+00	1.775185e+00	3.803624e-12	4.000000e-01	1.000000e-01	2.085234e+00	1.880283e+00	3.210897e+00
1.460000e+00	2.744472e+00	2.162502e+00	1.786109e+00	3.718581e-12	4.000000e-01	1.000000e-01	2.090515e+00	1.883228e+00	3.224031e+00
1.470000e+00	2.759334e+00	2.166458e+00	1.796937e+00	3.638867e-12	4.000000e-01	1.000000e-01	2.096361e+00	1.885441e+00	3.237042e+00
1.480000e+00	2.774046e+00	2.170302e+00	1.807665e+00	3.565814e-12	4.000000e-01	1.000000e-01	2.102789e+00	1.886906e+00	3.249940e+00
1.490000e+00	2.788601e+00	2.174034e+00	1.818291e+00	3.497203e-12	4.000000e-01	1.000000e-01	2.109813e+00	1.887609e+00	3.262736e+00
1.500000e+00	2.802997e+00	2.177653e+00	1.828811e+00	3.433698e-12	4.000000e-01	1.000000e-01	2.117448e+00	1.887538e+00	3.275441e+00
1.510000e+00	2.817228e+00	2.181158e+00	1.839221e+00	3.375522e-12	4.000000e-01	1.000000e-01	2.125707e+00	1.886683e+00	3.288066e+00
1.520000e+00	2.831291e+00	2.184549e+00	1.849519e+00	3.320455e-12	4.000000e-01	1.000000e-01	2.134599e+00	1.885036e+00	3.300619e+00
1.530000e+00	2.845182e+00	2.187825e+00	1.859702e+00	3.270051e-12	4.000000e-01	1.000000e-01	2.144133e+00	1.882593e+00	3.313108e+00
1.540000e+00	2.858898e+00	2.190987e+00	1.869768e+00	3.224088e-12	4.000000e-01	1.000000e-01	2.154315e+00	1.879353e+00	3.325542e+00
1.550000e+00	2.872435e+00	2.194033e+00	1.879713e+00	3.179901e-12	4.000000e-01	1.000000e-01	2.165151e+00	1.875315e+00	3.337927e+00
1.560000e+00	2.885789e+00	2.196964e+00	1.889536e+00	3.140155e-12	4.000000e-01	1.000000e-01	2.176642e+00	1.870484e+00	3.350269e+00
1.570000e+00	2.898959e+00	2.199781e+00	1.899233e+00	3.102851e-12	4.000000e-01	1.000000e-01	2.188788e+00	1.864865e+00	3.362571e+00
1.580000e+00	2.911942e+00	2.202482e+00	1.908804e+00	3.067768e-12	4.000000e-01	1.000000e-01	2.201588e+00	1.858469e+00	3.374839e+00
1.590000e+00	2.924734e+00	2.205070e+00	1.918245e+00	3.035128e-12	4.000000e-01	1.000000e-01	2.215035e+00	1.851308e+00	3.387075e+00
1.600000e+00	2.937333e+00	2.207543e+00	1.927556e+00	3.004486e-12	4.000000e-01	1.000000e-01	2.229123e+00	1.843397e+00	3.399281e+00
1.610000e+00	2.949738e+00	2.209904e+00	1.936734e+00	2.976286e-12	4.000000e-01	1.000000e-01	2.243843e+00	1.834754e+00	3.411456e+00
1.620000e+00	2.961946e+00	2.212151e+00	1.945777e+00	2.949418e-12	4.000000e-01	1.000000e-01	2.259180e+00	1.825401e+00	3.423601e+00
1.630000e+00	2.973956e+00	2.214288e+00	1.954685e+00	2.923439e-12	4.000000e-01	1.000000e-01	2.275122e+00	1.815361e+00	3.435715e+00
1.640000e+00	2.985765e+00	2.216313e+00	1.963455e+00	2.899458e-12	4.000000e-01	1.000000e-01	2.291649e+00	1.804662e+00	3.447796e+00
1.650000e+00	2.997373e+00	2.218229e+00	1.972087e+00	2.876144e-12	4.000000e-01	1.000000e-01	2.308741e+00	1.793332e+00	3.459840e+00
1.660000e+00	3.008777e+00	2.220037e+00	1.980579e+00	2.853939e-12	4.000000e-01	1.000000e-01	2.326377e+00	1.781404e+00	3.471844e+00
1.670000e+00	3.019978e+00	2.221737e+00	1.988930e+00	2.832401e-12	4.000000e-01	1.000000e-01	2.344530e+00	1.768912e+00	3.483803e+00
1.680000e+00	3.030974e+00	2.223332e+00	1.997139e+00	2.810863e-12	4.000000e-01	1.000000e-01	2.363172e+00	1.755894e+00	3.495712e+00
1.690000e+00	3.041764e+00	2.224822e+00	2.005206e+00	2.790657e-12	4.000000e-01	1.000000e-01	2.382274e+00	1.742386e+00	3.507566e+00
1.700000e+00	3.052348e+00	2.226210e+00	2.013130e+00	2.770451e-12	4.000000e-01	1.000000e-01	2.401804e+00	1.728431e+00	3.519357e+00
1.710000e+00	3.062724e+00	2.227497e+00	2.020910e+00	2.749800e-12	4.000000e-01	1.000000e-01	2.421727e+00	1.714070e+00	3.531078e+00
1.720000e+00	3.072894e+00	2.228684e+00	2.028545e+00	2.729372e-12	4.000000e-01	1.000000e-01	2.442007e+00	1.699347e+00	3.542719e+00
1.730000e+00	3.082856e+00	2.229774e+00	2.036036e+00	2.709166e-12	4.000000e-01	1.000000e-01	2.462606e+00	1.684306e+00	3.554273e+00
1.740000e+00	3.092611e+00	2.230769e+00	2.043381e+00	2.688072e-12	4.000000e-01	1.000000e-01	2.483484e+00	1.668994e+00	3.565728e+00
1.750000e+00	3.102158e+00	2.231670e+00	2.050581e+00	2.666312e-12	4.000000e-01	1.000000e-01	2.504601e+00	1.653456e+00	3.577072e+00
1.760000e+00	3.111499e+00	2.232480e+00	2.057636e+00	2.644773e-12	4.000000e-01	1.000000e-01	2.525914e+00	1.637740e+00	3.588292e+00
1.770000e+00	3.120633e+00	2.233200e+00	2.064545e+00	2.622125e-12	4.000000e-01	1.000000e-01	2.547381e+00	1.621892e+00	3.599373e+00
1.780000e+00	3.129560e+00	2.233834e+00	2.071310e+00	2.598810e-12	4.000000e-01	1.000000e-01	2.568958e+00	1.605959e+00	3.610299e+00
1.790000e+00	3.138283e+00	2.234383e+00	2.077928e+00	2.573941e-12	4.000000e-01	1.000000e-01	2.590601e+00	1.589988e+00	3.621051e+00
1.800000e+00	3.146801e+00	2.234850e+00	2.084402e+00	2.548406e-12	4.000000e-01	1.000000e-01	2.612265e+00	1.574025e+00	3.631608e+00
1.810000e+00	3.155115e+00	2.235238e+00	2.090731e+00	2.521761e-12	4.000000e-01	1.000000e-01	2.633906e+00	1.558114e+00	3.641948e+00
1.820000e+00	3.163226e+00	2.235548e+00	2.096917e+00	2.493783e-12	4.000000e-01	1.000000e-01	2.655480e+00	1.542299e+00	3.652046e+00
1.830000e+00	3.171136e+00	2.235783e+00	2.102958e+00	2.464917e-12	4.000000e-01	1.000000e-01	2.676943e+00	1.526623e+00	3.661875e+00
1.840000e+00	3.178846e+00	2.235946e+00	2.108856e+00	2.434053e-12	4.000000e-01	1.000000e-01	2.698253e+00	1.511126e+00	3.671407e+00
1.850000e+00	3.186356e+00	2.236040e+00	2.114612e+00	2.402301e-12	4.000000e-01	1.000000e-01	2.719366e+00	1.495848e+00	3.680610e+00
1.860000e+00	3.193669e+00	2.236068e+00	2.120226e+00	2.368328e-12	4.000000e-01	1.000000e-01	2.740243e+00	1.480827e+00	3.689455e+00
1.870000e+00	3.200787e+00	2.236031e+00	2.125699e+00	2.333245e-12	4.000000e-01	1.000000e-01	2.760843e+00	1.466097e+00	3.697910e+00
1.880000e+00	3.207710e+00	2.235934e+00	2.131032e+00	2.296829e-12	4.000000e-01	1.000000e-01	2.781128e+00	1.451692e+00	3.705947e+00
1.890000e+00	3.214440e+00	2.235778e+00	2.136226e+00	2.258416e-12	4.000000e-01	1.000000e-01	2.801061e+00	1.437641e+00	3.713540e+00
1.900000e+00	3.220980e+00	2.235567e+00	2.141281e+00	4.440892e-16	4.000000e-01	1.000000e-01	2.820608e+00	1.423974e+00	3.720664e+00
1.910000e+00	3.227331e+00	2.235303e+00	2.146199e+00	2.220446e-16	4.000000e-01	1.000000e-01	2.839735e+00	1.410716e+00	3.727302e+00
1.920000e+00	3.233495e+00	2.234990e+00	2.150981e+00	-2.220446e-16	4.000000e-01	1.000000e-01	2.858411e+00	1.397890e+00	3.733444e+00
1.930000e+00	3.239475e+00	2.234630e+00	2.155628e+00	-2.220446e-16	4.000000e-01	1.000000e-01	2.876607e+00	1.385516e+00	3.739086e+00
1.940000e+00	3.245271e+00	2.234227e+00	2.160141e+00	0.000000e+00	4.000000e-01	1.000000e-01	2.894297e+00	1.373612e+00	3.744231e+00
1.950000e+00	3.250887e+00	2.233783e+00	2.164522e+00	-2.220446e-16	4.000000e-01	1.000000e-01	2.911455e+00	1.362193e+00	3.748895e+00
1.960000e+00	3.256325e+00	2.233301e+00	2.168771e+00	0.000000e+00	4.000000e-01	1.000000e-01	2.928059e+00	1.351272e+00	3.753098e+00
1.970000e+00	3.261586e+00	2.232784e+00	2.172890e+00	0.000000e+00	4.000000e-01	1.000000e-01	2.944087e+00	1.340857e+00	3.756869e+00
1.980000e+00	3.266673e+00	2.232235e+00	2.176880e+00	0.000000e+00	4.000000e-01	1.000000e-01	2.959523e+00	1.330956e+00	3.760245e+00
1.990000e+00	3.271589e+00	2.231658e+00	2.180742e+00	0.000000e+00	4.000000e-01	1.000000e-01	2.974349e+00	1.321573e+00	3.763266e+00
2.000000e+00	3.276336e+00	2.231054e+00	2.184479e+00	2.220446e-16	4.000000e-01	1.000000e-01	2.988552e+00	1.312709e+00	3.765977e+00
2.010000e+00	3.280916e+00	2.230428e+00	2.188090e+00	0.000000e+00	4.000000e-01	1.000000e-01	3.002119e+00	1.304364e+00	3.768424e+00
2.020000e+00	3.285331e+00	2.229781e+00	2.191578e+00	0.000000e+00	4.000000e-01	1.000000e-01	3.015041e+00	1.296533e+00	3.770652e+00
2.030000e+00	3.289584e+00	2.229118e+00	2.194945e+00	2.220446e-16	4.000000e-01	1.000000e-01	3.027308e+00	1.289212e+00	3.772706e+00
2.040000e+00	3.293678e+00	2.228439e+00	2.198190e+00	-2.220446e-16	4.000000e-01	1.000000e-01	3.038915e+00	1.282392e+00	3.774627e+00
2.050000e+00	3.297614e+00	2.227750e+00	2.201317e+00	2.220446e-16	4.000000e-01	1.000000e-01	3.049857e+00	1.276063e+00	3.776454e+00
2.060000e+00	3.301395e+00	2.227051e+00	2.204326e+00	2.220446e-16	4.000000e-01	1.000000e-01	3.060129e+00	1.270213e+00	3.778218e+00
2.070000e+00	3.305024e+00	2.226347e+00	2.207219e+00	0.000000e+00	4.000000e-01	1.000000e-01	3.069731e+00	1.264827e+00	3.779949e+00
2.080000e+00	3.308503e+00	2.225639e+00	2.209997e+00	-2.220446e-16	4.000000e-01	1.000000e-01	3.078662e+00	1.259889e+00	3.781668e+00
2.090000e+00	3.311834e+00	2.224930e+00	2.212661e+00	4.440892e-16	4.000000e-01	1.000000e-01	3.086923e+00	1.255382e+00	3.783393e+00
2.100000e+00	3.315019e+00	2.224223e+00	2.215213e+00	0.000000e+00	4.000000e-01	1.000000e-01	3.094515e+00	1.251287e+00	3.785138e+00
2.110000e+00	3.318061e+00	2.223521e+00	2.217655e+00	-2.220446e-16	4.000000e-01	1.000000e-01	3.101441e+00	1.247584e+00	3.786911e+00
2.120000e+00	3.320963e+00	2.222826e+00	2.219987e+00	2.220446e-16	4.000000e-01	1.000000e-01	3.107706e+00	1.244252e+00	3.788716e+00
2.130000e+00	3.323725e+00	2.222140e+00	2.222212e+00	2.220446e-16	4.000000e-01	1.000000e-01	3.113314e+00	1.241270e+00	3.790557e+00
2.140000e+00	3.326351e+00	2.221465e+00	2.224329e+00	8.617551e-13	4.000000e-01	1.000000e-01	3.118270e+00	1.238616e+00	3.792431e+00
2.150000e+00	3.328842e+00	2.220805e+00	2.226342e+00	8.000267e-13	4.000000e-01	1.000000e-01	3.122582e+00	1.236270e+00	3.794336e+00
2.160000e+00	3.331201e+00	2.220161e+00	2.228250e+00	7.391865e-13	4.000000e-01	1.000000e-01	3.126255e+00	1.234211e+00	3.796268e+00
2.170000e+00	3.333430e+00	2.219535e+00	2.230055e+00	6.794565e-13	4.000000e-01	1.000000e-01	3.129298e+00	1.232421e+00	3.798224e+00
2.180000e+00	3.335530e+00	2.218929e+00	2.231759e+00	6.212808e-13	4.000000e-01	1.000000e-01	3.131718e+00	1.230882e+00	3.800198e+00
2.190000e+00	3.337503e+00	2.218345e+00	2.233361e+00	5.648815e-13	4.000000e-01	1.000000e-01	3.133524e+00	1.229580e+00	3.802186e+00
2.200000e+00	3.339351e+00	2.217786e+00	2.234865e+00	5.100365e-13	4.000000e-01	1.000000e-01	3.134724e+00	1.228501e+00	3.804185e+00
2.210000e+00	3.341076e+00	2.217252e+00	2.236269e+00	4.567458e-13	4.000000e-01	1.000000e-01	3.135328e+00	1.227637e+00	3.806192e+00
2.220000e+00	3.342679e+00	2.216746e+00	2.237576e+00	4.058975e-13	4.000000e-01	1.000000e-01	3.135343e+00	1.226980e+00	3.808208e+00
2.230000e+00	3.344162e+00	2.216269e+00	2.238787e+00	3.574918e-13	4.000000e-01	1.000000e-01	3.134780e+00	1.226528e+00	3.810230e+00
2.240000e+00	3.345527e+00	2.215822e+00	2.239901e+00	3.113065e-13	4.000000e-01	1.000000e-01	3.133647e+00	1.226280e+00	3.812261e+00
2.250000e+00	3.346774e+00	2.215408e+00	2.240921e+00	2.680078e-13	4.000000e-01	1.000000e-01	3.131952e+00	1.226238e+00	3.814302e+00
2.260000e+00	3.347905e+00	2.215026e+00	2.241847e+00	2.273737e-13	4.000000e-01	1.000000e-01	3.129705e+00	1.226410e+00	3.816354e+00
2.270000e+00	3.348920e+00	2.214679e+00	2.242679e+00	1.894040e-13	4.000000e-01	1.000000e-01	3.126911e+00	1.226802e+00	3.818420e+00
2.280000e+00	3.349822e+00	2.214367e+00	2.243418e+00	1.549871e-13	4.000000e-01	1.000000e-01	3.123580e+00	1.227426e+00	3.820501e+00
2.290000e+00	3.350611e+00	2.214091e+00	2.244065e+00	1.234568e-13	4.000000e-01	1.000000e-01	3.119718e+00	1.228293e+00	3.822598e+00
2.300000e+00	3.351287e+00	2.213853e+00	2.244620e+00	9.547918e-14	4.000000e-01	1.000000e-01	3.115331e+00	1.229417e+00	3.824709e+00
2.310000e+00	3.351852e+00	2.213652e+00	2.245084e+00	7.061018e-14	4.000000e-01	1.000000e-01	3.110426e+00	1.230814e+00	3.826829e+00
2.320000e+00	3.352305e+00	2.213490e+00	2.245456e+00	4.973799e-14	4.000000e-01	1.000000e-01	3.105008e+00	1.232497e+00	3.828954e+00
2.330000e+00	3.352648e+00	2.213367e+00	2.245738e+00	3.219647e-14	4.000000e-01	1.000000e-01	3.099083e+00	1.234483e+00	3.831073e+00
2.340000e+00	3.352881e+00	2.213283e+00	2.245929e+00	1.865175e-14	4.000000e-01	1.000000e-01	3.092657e+00	1.236787e+00	3.833172e+00
2.350000e+00	3.353004e+00	2.213239e+00	2.246031e+00	8.881784e-15	4.000000e-01	1.000000e-01	3.085734e+00	1.239424e+00	3.835235e+00
2.360000e+00	3.353017e+00	2.213234e+00	2.246041e+00	2.442491e-15	4.000000e-01	1.000000e-01	3.078321e+00	1.242408e+00	3.837238e+00
2.370000e+00	3.352921e+00	2.213269e+00	2.245962e+00	0.000000e+00	4.000000e-01	1.000000e-01	3.070423e+00	1.245753e+00	3.839156e+00
2.380000e+00	3.352714e+00	2.213343e+00	2.245792e+00	1.554312e-15	4.000000e-01	1.000000e-01	3.062047e+00	1.249471e+00	3.840958e+00
2.390000e+00	3.352397e+00	2.213457e+00	2.245532e+00	6.661338e-15	4.000000e-01	1.000000e-01	3.053199e+00	1.253574e+00	3.842611e+00
2.400000e+00	3.351970e+00	2.213610e+00	2.245181e+00	1.598721e-14	4.000000e-01	1.000000e-01	3.043887e+00	1.258071e+00	3.844076e+00
2.410000e+00	3.351432e+00	2.213802e+00	2.244739e+00	2.886580e-14	4.000000e-01	1.000000e-01	3.034119e+00	1.262971e+00	3.845315e+00
2.420000e+00	3.350782e+00	2.214031e+00	2.244206e+00	4.507505e-14	4.000000e-01	1.000000e-01	3.023905e+00	1.268280e+00	3.846287e+00
2.430000e+00	3.350021e+00	2.214298e+00	2.243581e+00	6.528111e-14	4.000000e-01	1.000000e-01	3.013255e+00	1.274004e+00	3.846951e+00
2.440000e+00	3.349146e+00	2.214601e+00	2.242864e+00	8.926193e-14	4.000000e-01	1.000000e-01	3.002182e+00	1.280144e+00	3.847268e+00
2.450000e+00	3.348158e+00	2.214940e+00	2.242054e+00	1.163514e-13	4.000000e-01	1.000000e-01	2.990697e+00	1.286702e+00	3.847203e+00
2.460000e+00	3.347055e+00	2.215313e+00	2.241151e+00	1.469935e-13	4.000000e-01	1.000000e-01	2.978816e+00	1.293678e+00	3.846725e+00
2.470000e+00	3.345835e+00	2.215720e+00	2.240154e+00	1.809664e-13	4.000000e-01	1.000000e-01	2.966554e+00	1.301067e+00	3.845809e+00
2.480000e+00	3.344499e+00	2.216159e+00	2.239062e+00	2.180478e-13	4.000000e-01	1.000000e-01	2.953929e+00	1.308865e+00	3.844436e+00
2.490000e+00	3.343045e+00	2.216629e+00	2.237874e+00	2.577938e-13	4.000000e-01	1.000000e-01	2.940959e+00	1.317064e+00	3.842596e+00
2.500000e+00	3.341470e+00	2.217129e+00	2.236590e+00	3.004264e-13	4.000000e-01	1.000000e-01	2.927666e+00	1.325655e+00	3.840288e+00
2.510000e+00	3.339774e+00	2.217656e+00	2.235209e+00	3.461675e-13	4.000000e-01	1.000000e-01	2.914071e+00	1.334626e+00	3.837516e+00
2.520000e+00	3.337956e+00	2.218209e+00	2.233729e+00	3.939071e-13	4.000000e-01	1.000000e-01	2.900197e+00	1.343963e+00	3.834295e+00
2.530000e+00	3.336013e+00	2.218787e+00	2.232151e+00	4.443113e-13	4.000000e-01	1.000000e-01	2.886071e+00	1.353649e+00	3.830643e+00
2.540000e+00	3.333943e+00	2.219388e+00	2.230471e+00	4.964917e-13	4.000000e-01	1.000000e-01	2.871718e+00	1.363667e+00	3.826586e+00
2.550000e+00	3.331745e+00	2.220009e+00	2.228690e+00	5.508927e-13	4.000000e-01	1.000000e-01	2.857167e+00	1.373994e+00	3.822154e+00
2.560000e+00	3.329418e+00	2.220650e+00	2.226807e+00	6.072920e-13	4.000000e-01	1.000000e-01	2.842447e+00	1.384610e+00	3.817379e+00
2.570000e+00	3.326958e+00	2.221306e+00	2.224820e+00	6.648015e-13	4.000000e-01	1.000000e-01	2.827589e+00	1.395489e+00	3.812296e+00
2.580000e+00	3.324365e+00	2.221978e+00	2.222727e+00	7.238654e-13	4.000000e-01	1.000000e-01	2.812625e+00	1.406605e+00	3.806939e+00
2.590000e+00	3.321635e+00	2.222661e+00	2.220528e+00	7.844836e-13	4.000000e-01	1.000000e-01	2.797587e+00	1.417930e+00	3.801343e+00
2.600000e+00	3.318767e+00	2.223354e+00	2.218222e+00	8.455459e-13	4.000000e-01	1.000000e-01	2.782510e+00	1.429433e+00	3.795540e+00
2.610000e+00	3.315759e+00	2.224055e+00	2.215807e+00	9.077183e-13	4.000000e-01	1.000000e-01	2.767427e+00	1.441083e+00	3.789563e+00
2.620000e+00	3.312608e+00	2.224761e+00	2.213281e+00	2.220446e-16	4.000000e-01	1.000000e-01	2.752374e+00	1.452848e+00	3.783440e+00
2.630000e+00	3.309312e+00	2.225469e+00	2.210643e+00	2.220446e-16	4.000000e-01	1.000000e-01	2.737386e+00	1.464693e+00	3.777199e+00
2.640000e+00	3.305869e+00	2.226178e+00	2.207893e+00	0.000000e+00	4.000000e-01	1.000000e-01	2.722498e+00	1.476583e+00	3.770863e+00
2.650000e+00	3.302276e+00	2.226883e+00	2.205028e+00	0.000000e+00	4.000000e-01	1.000000e-01	2.707746e+00	1.488482e+00	3.764455e+00
2.660000e+00	3.298531e+00	2.227584e+00	2.202047e+00	0.000000e+00	4.000000e-01	1.000000e-01	2.693166e+00	1.500354e+00	3.757993e+00
2.670000e+00	3.294632e+00	2.228276e+00	2.198948e+00	0.000000e+00	4.000000e-01	1.000000e-01	2.678792e+00	1.512162e+00	3.751495e+00
2.680000e+00	3.290577e+00	2.228957e+00	2.195731e+00	0.000000e+00	4.000000e-01	1.000000e-01	2.664659e+00	1.523869e+00	3.744976e+00
2.690000e+00	3.286362e+00	2.229624e+00	2.192394e+00	-2.220446e-16	4.000000e-01	1.000000e-01	2.650800e+00	1.535438e+00	3.738448e+00
2.700000e+00	3.281986e+00	2.230275e+00	2.188935e+00	0.000000e+00	4.000000e-01	1.000000e-01	2.637249e+00	1.546832e+00	3.731924e+00
2.710000e+00	3.277445e+00	2.230907e+00	2.185353e+00	-2.220446e-16	4.000000e-01	1.000000e-01	2.624036e+00	1.558014e+00	3.725411e+00
2.720000e+00	3.272739e+00	2.231516e+00	2.181646e+00	0.000000e+00	4.000000e-01	1.000000e-01	2.611192e+00	1.568948e+00	3.718919e+00
2.730000e+00	3.267863e+00	2.232100e+00	2.177814e+00	-2.220446e-16	4.000000e-01	1.000000e-01	2.598746e+00	1.579600e+00	3.712453e+00
2.740000e+00	3.262817e+00	2.232656e+00	2.173855e+00	1.709299e-12	4.000000e-01	1.000000e-01	2.586724e+00	1.589936e+00	3.706020e+00
2.750000e+00	3.257598e+00	2.233180e+00	2.169767e+00	1.765255e-12	4.000000e-01	1.000000e-01	2.575152e+00	1.599924e+00	3.699623e+00
2.760000e+00	3.252202e+00	2.233671e+00	2.165549e+00	1.819656e-12	4.000000e-01	1.000000e-01	2.564054e+00	1.609532e+00	3.693265e+00
2.770000e+00	3.246629e+00	2.234124e+00	2.161200e+00	1.873390e-12	4.000000e-01	1.000000e-01	2.553450e+00	1.618731e+00	3.686947e+00
2.780000e+00	3.240876e+00	2.234538e+00	2.156719e+00	1.924683e-12	4.000000e-01	1.000000e-01	2.543360e+00	1.627494e+00	3.680672e+00
2.790000e+00	3.234940e+00	2.234908e+00	2.152104e+00	1.974643e-12	4.000000e-01	1.000000e-01	2.533800e+00	1.635795e+00	3.674437e+00
2.800000e+00	3.228821e+00	2.235233e+00	2.147354e+00	2.023270e-12	4.000000e-01	1.000000e-01	2.524786e+00	1.643610e+00	3.668242e+00
2.810000e+00	3.222515e+00	2.235509e+00	2.142468e+00	2.069678e-12	4.000000e-01	1.000000e-01	2.516328e+00	1.650919e+00	3.662084e+00
2.820000e+00	3.216020e+00	2.235733e+00	2.137446e+00	2.115197e-12	4.000000e-01	1.000000e-01	2.508437e+00	1.657702e+00	3.655959e+00
2.830000e+00	3.209335e+00	2.235902e+00	2.132285e+00	2.158052e-12	4.000000e-01	1.000000e-01	2.501120e+00	1.663942e+00	3.649862e+00
2.840000e+00	3.202458e+00	2.236013e+00	2.126986e+00	2.199574e-12	4.000000e-01	1.000000e-01	2.494382e+00	1.669627e+00	3.643786e+00
2.850000e+00	3.195388e+00	2.236065e+00	2.121546e+00	2.239542e-12	4.000000e-01	1.000000e-01	2.488224e+00	1.674743e+00	3.637726e+00
2.860000e+00	3.188121e+00	2.236053e+00	2.115966e+00	2.277956e-12	4.000000e-01	1.000000e-01	2.482647e+00	1.679283e+00	3.631672e+00
2.870000e+00	3.180658e+00	2.235975e+00	2.110244e+00	2.314593e-12	4.000000e-01	1.000000e-01	2.477648e+00	1.683239e+00	3.625615e+00
2.880000e+00	3.172996e+00	2.235828e+00	2.104380e+00	2.349232e-12	4.000000e-01	1.000000e-01	2.473222e+00	1.686607e+00	3.619545e+00
2.890000e+00	3.165134e+00	2.235611e+00	2.098373e+00	2.382761e-12	4.000000e-01	1.000000e-01	2.469362e+00	1.689385e+00	3.613449e+00
2.900000e+00	3.157071e+00	2.235319e+00	2.092222e+00	2.414291e-12	4.000000e-01	1.000000e-01	2.466058e+00	1.691574e+00	3.607315e+00
2.910000e+00	3.148805e+00	2.234950e+00	2.085927e+00	2.445377e-12	4.000000e-01	1.000000e-01	2.463297e+00	1.693178e+00	3.601130e+00
2.920000e+00	3.140336e+00	2.234502e+00	2.079488e+00	2.473799e-12	4.000000e-01	1.000000e-01	2.461068e+00	1.694201e+00	3.594878e+00
2.930000e+00	3.131663e+00	2.233973e+00	2.072904e+00	2.501555e-12	4.000000e-01	1.000000e-01	2.459353e+00	1.694651e+00	3.588545e+00
2.940000e+00	3.122784e+00	2.233360e+00	2.066175e+00	2.528200e-12	4.000000e-01	1.000000e-01	2.458135e+00	1.694537e+00	3.582113e+00
2.950000e+00	3.113700e+00	2.232660e+00	2.059300e+00	2.553291e-12	4.000000e-01	1.000000e-01	2.457395e+00	1.693870e+00	3.575566e+00
2.960000e+00	3.104408e+00	2.231872e+00	2.052280e+00	2.577272e-12	4.000000e-01	1.000000e-01	2.457112e+00	1.692665e+00	3.568885e+00
2.970000e+00	3.094910e+00	2.230992e+00	2.045114e+00	2.600364e-12	4.000000e-01	1.000000e-01	2.457263e+00	1.690934e+00	3.562053e+00
2.980000e+00	3.085205e+00	2.230020e+00	2.037804e+00	2.622791e-12	4.000000e-01	1.000000e-01	2.457825e+00	1.688697e+00	3.555049e+00
2.990000e+00	3.075293e+00	2.228953e+00	2.030348e+00	2.644329e-12	4.000000e-01	1.000000e-01	2.458771e+00	1.685968e+00	3.547854e+00
3.000000e+00	3.065173e+00	2.227789e+00	2.022747e+00	2.664757e-12	4.000000e-01	1.000000e-01	2.460076e+00	1.682769e+00	3.540448e+00
3.010000e+00	3.054845e+00	2.226527e+00	2.015001e+00	2.685629e-12	4.000000e-01	1.000000e-01	2.461713e+00	1.679120e+00	3.532808e+00
3.020000e+00	3.044311e+00	2.225163e+00	2.007112e+00	2.705836e-12	4.000000e-01	1.000000e-01	2.463653e+00	1.675041e+00	3.524915e+00
3.030000e+00	3.033570e+00	2.223697e+00	1.999079e+00	2.724931e-12	4.000000e-01	1.000000e-01	2.465867e+00	1.670554e+00	3.516744e+00
3.040000e+00	3.022624e+00	2.222128e+00	1.990904e+00	2.744471e-12	4.000000e-01	1.000000e-01	2.468325e+00	1.665683e+00	3.508275e+00
3.050000e+00	3.011472e+00	2.220453e+00	1.982586e+00	2.764233e-12	4.000000e-01	1.000000e-01	2.470997e+00	1.660452e+00	3.499484e+00
3.060000e+00	3.000116e+00	2.218671e+00	1.974128e+00	2.784217e-12	4.000000e-01	1.000000e-01	2.473851e+00	1.654883e+00	3.490347e+00
3.070000e+00	2.988556e+00	2.216781e+00	1.965530e+00	2.804645e-12	4.000000e-01	1.000000e-01	2.476858e+00	1.649003e+00	3.480842e+00
3.080000e+00	2.976795e+00	2.214782e+00	1.956792e+00	2.825074e-12	4.000000e-01	1.000000e-01	2.479986e+00	1.642834e+00	3.470945e+00
3.090000e+00	2.964833e+00	2.212672e+00	1.947917e+00	2.846390e-12	4.000000e-01	1.000000e-01	2.483202e+00	1.636403e+00	3.460632e+00
3.100000e+00	2.952672e+00	2.210451e+00	1.938906e+00	2.868816e-12	4.000000e-01	1.000000e-01	2.486475e+00	1.629734e+00	3.449882e+00
3.110000e+00	2.940314e+00	2.208117e+00	1.929760e+00	2.891243e-12	4.000000e-01	1.000000e-01	2.489773e+00	1.622853e+00	3.438671e+00
3.120000e+00	2.927761e+00	2.205671e+00	1.920481e+00	2.915668e-12	4.000000e-01	1.000000e-01	2.493064e+00	1.615785e+00	3.426978e+00
3.130000e+00	2.915015e+00	2.203111e+00	1.911071e+00	2.941425e-12	4.000000e-01	1.000000e-01	2.496318e+00	1.608553e+00	3.414785e+00
3.140000e+00	2.902078e+00	2.200436e+00	1.901531e+00	2.968736e-12	4.000000e-01	1.000000e-01	2.499501e+00	1.601185e+00	3.402073e+00
3.150000e+00	2.888953e+00	2.197648e+00	1.891864e+00	2.998046e-12	4.000000e-01	1.000000e-01	2.502584e+00	1.593703e+00	3.388828e+00
3.160000e+00	2.875642e+00	2.194744e+00	1.882071e+00	3.028910e-12	4.000000e-01	1.000000e-01	2.505534e+00	1.586133e+00	3.375037e+00
3.170000e+00	2.862148e+00	2.191725e+00	1.872155e+00	3.062439e-12	4.000000e-01	1.000000e-01	2.508321e+00	1.578498e+00	3.360691e+00
3.180000e+00	2.848475e+00	2.188591e+00	1.862118e+00	3.098855e-12	4.000000e-01	1.000000e-01	2.510914e+00	1.570823e+00	3.345786e+00
3.190000e+00	2.834625e+00	2.185342e+00	1.851963e+00	3.136380e-12	4.000000e-01	1.000000e-01	2.513282e+00	1.563132e+00	3.330323e+00
3.200000e+00	2.820603e+00	2.181979e+00	1.841692e+00	3.178346e-12	4.000000e-01	1.000000e-01	2.515395e+00	1.555448e+00	3.314307e+00
3.210000e+00	2.806412e+00	2.178501e+00	1.831308e+00	3.222977e-12	4.000000e-01	1.000000e-01	2.517224e+00	1.547795e+00	3.297748e+00
3.220000e+00	2.792055e+00	2.174909e+00	1.820814e+00	4.440892e-16	4.000000e-01	1.000000e-01	2.518738e+00	1.540196e+00	3.280662e+00
3.230000e+00	2.777537e+00	2.171204e+00	1.810213e+00	-4.440892e-16	4.000000e-01	1.000000e-01	2.519907e+00	1.532675e+00	3.263073e+00
3.240000e+00	2.762863e+00	2.167386e+00	1.799509e+00	2.220446e-16	4.000000e-01	1.000000e-01	2.520703e+00	1.525254e+00	3.245006e+00
3.250000e+00	2.748036e+00	2.163457e+00	1.788704e+00	0.000000e+00	4.000000e-01	1.000000e-01	2.521095e+00	1.517956e+00	3.226495e+00
3.260000e+00	2.733062e+00	2.159418e+00	1.777803e+00	0.000000e+00	4.000000e-01	1.000000e-01	2.521055e+00	1.510806e+00	3.207577e+00
3.270000e+00	2.717945e+00	2.155269e+00	1.766808e+00	0.000000e+00	4.000000e-01	1.000000e-01	2.520553e+00	1.503826e+00	3.188292e+00
3.280000e+00	2.702691e+00	2.151013e+00	1.755724e+00	2.220446e-16	4.000000e-01	1.000000e-01	2.519560e+00	1.497040e+00	3.168687e+00
3.290000e+00	2.687305e+00	2.146650e+00	1.744555e+00	0.000000e+00	4.000000e-01	1.000000e-01	2.518048e+00	1.490472e+00	3.148808e+00
3.300000e+00	2.671793e+00	2.142183e+00	1.733304e+00	2.220446e-16	4.000000e-01	1.000000e-01	2.515986e+00	1.484145e+00	3.128705e+00
3.310000e+00	2.656161e+00	2.137613e+00	1.721976e+00	-6.661338e-16	4.000000e-01	1.000000e-01	2.513347e+00	1.478084e+00	3.108428e+00
3.320000e+00	2.640415e+00	2.132942e+00	1.710576e+00	0.000000e+00	4.000000e-01	1.000000e-01	2.510102e+00	1.472313e+00	3.088029e+00
3.330000e+00	2.624562e+00	2.128173e+00	1.699108e+00	-2.220446e-16	4.000000e-01	1.000000e-01	2.506222e+00	1.466858e+00	3.067556e+00
3.340000e+00	2.608608e+00	2.123307e+00	1.687577e+00	4.440892e-16	4.000000e-01	1.000000e-01	2.501680e+00	1.461744e+00	3.047060e+00
3.350000e+00	2.592560e+00	2.118348e+00	1.675987e+00	6.661338e-16	4.000000e-01	1.000000e-01	2.496448e+00	1.456995e+00	3.026589e+00
3.360000e+00	2.576425e+00	2.113298e+00	1.664345e+00	-2.220446e-16	4.000000e-01	1.000000e-01	2.490499e+00	1.452637e+00	3.006189e+00
3.370000e+00	2.560212e+00	2.108159e+00	1.652655e+00	0.000000e+00	4.000000e-01	1.000000e-01	2.483808e+00	1.448696e+00	2.985905e+00
3.380000e+00	2.543927e+00	2.102935e+00	1.640923e+00	-2.220446e-16	4.000000e-01	1.000000e-01	2.476351e+00	1.445197e+00	2.965778e+00
3.390000e+00	2.527578e+00	2.097630e+00	1.629155e+00	4.989786e-12	4.000000e-01	1.000000e-01	2.468104e+00	1.442165e+00	2.945847e+00
3.400000e+00	2.511175e+00	2.092245e+00	1.617356e+00	5.171419e-12	4.000000e-01	1.000000e-01	2.459048e+00	1.439624e+00	2.926151e+00
3.410000e+00	2.494726e+00	2.086786e+00	1.605533e+00	5.365264e-12	4.000000e-01	1.000000e-01	2.449163e+00	1.437599e+00	2.906725e+00
3.420000e+00	2.478239e+00	2.081256e+00	1.593692e+00	5.571987e-12	4.000000e-01	1.000000e-01	2.438435e+00	1.436113e+00	2.887600e+00
3.430000e+00	2.461725e+00	2.075659e+00	1.581839e+00	5.792256e-12	4.000000e-01	1.000000e-01	2.426850e+00	1.435186e+00	2.868808e+00
3.440000e+00	2.445192e+00	2.069999e+00	1.569982e+00	6.028289e-12	4.000000e-01	1.000000e-01	2.414399e+00	1.434838e+00	2.850376e+00
3.450000e+00	2.428650e+00	2.064280e+00	1.558127e+00	6.278089e-12	4.000000e-01	1.000000e-01	2.401076e+00	1.435089e+00	2.832330e+00
3.460000e+00	2.412111e+00	2.058507e+00	1.546281e+00	6.544543e-12	4.000000e-01	1.000000e-01	2.386880e+00	1.435955e+00	2.814692e+00
3.470000e+00	2.395583e+00	2.052685e+00	1.534452e+00	6.826095e-12	4.000000e-01	1.000000e-01	2.371814e+00	1.437448e+00	2.797485e+00
3.480000e+00	2.379079e+00	2.046819e+00	1.522647e+00	7.125189e-12	4.000000e-01	1.000000e-01	2.355884e+00	1.439582e+00	2.780724e+00
3.490000e+00	2.362610e+00	2.040914e+00	1.510875e+00	7.440493e-12	4.000000e-01	1.000000e-01	2.339103e+00	1.442364e+00	2.764424e+00
3.500000e+00	2.346186e+00	2.034976e+00	1.499143e+00	7.774004e-12	4.000000e-01	1.000000e-01	2.321485e+00	1.445801e+00	2.748597e+00
3.510000e+00	2.329821e+00	2.029010e+00	1.487460e+00	8.123946e-12	4.000000e-01	1.000000e-01	2.303051e+00	1.449898e+00	2.733250e+00
3.520000e+00	2.313526e+00	2.023022e+00	1.475835e+00	8.490542e-12	4.000000e-01	1.000000e-01	2.283825e+00	1.454653e+00	2.718387e+00
3.530000e+00	2.297314e+00	2.017019e+00	1.464275e+00	8.874457e-12	4.000000e-01	1.000000e-01	2.263836e+00	1.460066e+00	2.704006e+00
3.540000e+00	2.281199e+00	2.011006e+00	1.452791e+00	9.274359e-12	4.000000e-01	1.000000e-01	2.243117e+00	1.466132e+00	2.690104e+00
3.550000e+00	2.265193e+00	2.004991e+00	1.441391e+00	9.688916e-12	4.000000e-01	1.000000e-01	2.221702e+00	1.472842e+00	2.676671e+00
3.560000e+00	2.249311e+00	1.998979e+00	1.430086e+00	1.011746e-11	4.000000e-01	1.000000e-01	2.199631e+00	1.480187e+00	2.663693e+00
3.570000e+00	2.233566e+00	1.992979e+00	1.418885e+00	1.055844e-11	4.000000e-01	1.000000e-01	2.176946e+00	1.488155e+00	2.651152e+00
3.580000e+00	2.217974e+00	1.986997e+00	1.407798e+00	1.100875e-11	4.000000e-01	1.000000e-01	2.153693e+00	1.496730e+00	2.639028e+00
3.590000e+00	2.202549e+00	1.981042e+00	1.396836e+00	1.146594e-11	4.000000e-01	1.000000e-01	2.129918e+00	1.505895e+00	2.627296e+00
3.600000e+00	2.187306e+00	1.975120e+00	1.386009e+00	1.192735e-11	4.000000e-01	1.000000e-01	2.105672e+00	1.515631e+00	2.615929e+00
3.610000e+00	2.172262e+00	1.969239e+00	1.375328e+00	1.238853e-11	4.000000e-01	1.000000e-01	2.081005e+00	1.525917e+00	2.604900e+00
3.620000e+00	2.157431e+00	1.963408e+00	1.364804e+00	1.284439e-11	4.000000e-01	1.000000e-01	2.055970e+00	1.536728e+00	2.594180e+00
3.630000e+00	2.142831e+00	1.957636e+00	1.354448e+00	1.329004e-11	4.000000e-01	1.000000e-01	2.030623e+00	1.548040e+00	2.583740e+00
3.640000e+00	2.128478e+00	1.951930e+00	1.344272e+00	1.371991e-11	4.000000e-01	1.000000e-01	2.005019e+00	1.559827e+00	2.573556e+00
3.650000e+00	2.114389e+00	1.946299e+00	1.334287e+00	1.412626e-11	4.000000e-01	1.000000e-01	1.979215e+00	1.572059e+00	2.563602e+00
3.660000e+00	2.100581e+00	1.940753e+00	1.324506e+00	1.450196e-11	4.000000e-01	1.000000e-01	1.953269e+00	1.584708e+00	2.553860e+00
3.670000e+00	2.087072e+00	1.935300e+00	1.314941e+00	1.483946e-11	4.000000e-01	1.000000e-01	1.927238e+00	1.597742e+00	2.544313e+00
3.680000e+00	2.073878e+00	1.929950e+00	1.305603e+00	1.512945e-11	4.000000e-01	1.000000e-01	1.901181e+00	1.611129e+00	2.534951e+00
3.690000e+00	2.061019e+00	1.924712e+00	1.296505e+00	1.536282e-11	4.000000e-01	1.000000e-01	1.875157e+00	1.624836e+00	2.525767e+00
3.700000e+00	2.048512e+00	1.919594e+00	1.287659e+00	1.553024e-11	4.000000e-01	1.000000e-01	1.849225e+00	1.638829e+00	2.516760e+00
3.710000e+00	2.036374e+00	1.914608e+00	1.279078e+00	1.562239e-11	4.000000e-01	1.000000e-01	1.823444e+00	1.653071e+00	2.507933e+00
3.720000e+00	2.024625e+00	1.909762e+00	1.270774e+00	1.563016e-11	4.000000e-01	1.000000e-01	1.797871e+00	1.667529e+00	2.499295e+00
3.730000e+00	2.013281e+00	1.905065e+00	1.262759e+00	1.554468e-11	4.000000e-01	1.000000e-01	1.772565e+00	1.682164e+00	2.490857e+00
3.740000e+00	2.002361e+00	1.900527e+00	1.255047e+00	1.535949e-11	4.000000e-01	1.000000e-01	1.747582e+00	1.696941e+00	2.482636e+00
3.750000e+00	1.991883e+00	1.896159e+00	1.247648e+00	1.506617e-11	4.000000e-01	1.000000e-01	1.722978e+00	1.711821e+00	2.474649e+00
3.760000e+00	1.981865e+00	1.891968e+00	1.240576e+00	1.466227e-11	4.000000e-01	1.000000e-01	1.698809e+00	1.726768e+00	2.466916e+00
3.770000e+00	1.972322e+00	1.887964e+00	1.233842e+00	1.414424e-11	4.000000e-01	1.000000e-01	1.675128e+00	1.741744e+00	2.459461e+00
3.780000e+00	1.963274e+00	1.884156e+00	1.227459e+00	1.351230e-11	4.000000e-01	1.000000e-01	1.651987e+00	1.756712e+00	2.452307e+00
3.790000e+00	1.954735e+00	1.880553e+00	1.221436e+00	1.277090e-11	4.000000e-01	1.000000e-01	1.629437e+00	1.771633e+00	2.445477e+00
3.800000e+00	1.946722e+00	1.877164e+00	1.215785e+00	1.192602e-11	4.000000e-01	1.000000e-01	1.607525e+00	1.786472e+00	2.438996e+00
3.810000e+00	1.939250e+00	1.873996e+00	1.210517e+00	1.098721e-11	4.000000e-01	1.000000e-01	1.586300e+00	1.801191e+00	2.432888e+00
3.820000e+00	1.932334e+00	1.871057e+00	1.205642e+00	9.969803e-12	4.000000e-01	1.000000e-01	1.565805e+00	1.815754e+00	2.427175e+00
3.830000e+00	1.925987e+00	1.868355e+00	1.201169e+00	-2.220446e-16	4.000000e-01	1.000000e-01	1.546083e+00	1.830125e+00	2.421882e+00
3.840000e+00	1.920223e+00	1.865896e+00	1.197107e+00	-2.220446e-16	4.000000e-01	1.000000e-01	1.527174e+00	1.844270e+00	2.417029e+00
3.850000e+00	1.915053e+00	1.863688e+00	1.193465e+00	4.440892e-16	4.000000e-01	1.000000e-01	1.509115e+00	1.858154e+00	2.412637e+00
3.860000e+00	1.910488e+00	1.861735e+00	1.190249e+00	-2.220446e-16	4.000000e-01	1.000000e-01	1.491942e+00	1.871745e+00	2.408726e+00
3.870000e+00	1.906538e+00	1.860043e+00	1.187466e+00	-4.440892e-16	4.000000e-01	1.000000e-01	1.475688e+00	1.885009e+00	2.405313e+00
3.880000e+00	1.903211e+00	1.858616e+00	1.185123e+00	0.000000e+00	4.000000e-01	1.000000e-01	1.460381e+00	1.897915e+00	2.402415e+00
3.890000e+00	1.900514e+00	1.857459e+00	1.183224e+00	0.000000e+00	4.000000e-01	1.000000e-01	1.446049e+00	1.910433e+00	2.400047e+00
3.900000e+00	1.898454e+00	1.856574e+00	1.181773e+00	0.000000e+00	4.000000e-01	1.000000e-01	1.432719e+00	1.922533e+00	2.398222e+00
3.910000e+00	1.897036e+00	1.855964e+00	1.180774e+00	2.220446e-16	4.000000e-01	1.000000e-01	1.420410e+00	1.934186e+00	2.396954e+00
3.920000e+00	1.896261e+00	1.855632e+00	1.180229e+00	-2.220446e-16	4.000000e-01	1.000000e-01	1.409144e+00	1.945366e+00	2.396252e+00
3.930000e+00	1.896132e+00	1.855576e+00	1.180138e+00	1.396661e-13	4.000000e-01	1.000000e-01	1.398938e+00	1.956045e+00	2.396125e+00
3.940000e+00	1.896650e+00	1.855799e+00	1.180503e+00	3.996803e-15	4.000000e-01	1.000000e-01	1.389807e+00	1.966199e+00	2.396582e+00
3.950000e+00	1.897813e+00	1.856298e+00	1.181321e+00	6.261658e-14	4.000000e-01	1.000000e-01	1.381764e+00	1.975803e+00	2.397629e+00
3.960000e+00	1.899618e+00	1.857074e+00	1.182593e+00	3.137490e-13	4.000000e-01	1.000000e-01	1.374819e+00	1.984833e+00	2.399270e+00
3.970000e+00	1.902061e+00	1.858123e+00	1.184313e+00	7.505108e-13	4.000000e-01	1.000000e-01	1.368982e+00	1.993269e+00	2.401510e+00
3.980000e+00	1.905138e+00	1.859442e+00	1.186480e+00	1.358469e-12	4.000000e-01	1.000000e-01	1.364259e+00	2.001088e+00	2.404350e+00
3.990000e+00	1.908841e+00	1.861029e+00	1.189089e+00	2.121414e-12	4.000000e-01	1.000000e-01	1.360656e+00	2.008271e+00	2.407792e+00
4.000000e+00	1.913162e+00	1.862879e+00	1.192133e+00	3.014922e-12	4.000000e-01	1.000000e-01	1.358176e+00	2.014799e+00	2.411834e+00
4.010000e+00	1.918093e+00	1.864987e+00	1.195606e+00	4.014122e-12	4.000000e-01	1.000000e-01	1.356822e+00	2.020653e+00	2.416475e+00
4.020000e+00	1.923622e+00	1.867346e+00	1.199502e+00	5.092149e-12	4.000000e-01	1.000000e-01	1.356593e+00	2.025818e+00	2.421711e+00
4.030000e+00	1.929738e+00	1.869952e+00	1.203813e+00	6.220580e-12	4.000000e-01	1.000000e-01	1.357491e+00	2.030277e+00	2.427539e+00
4.040000e+00	1.936429e+00	1.872798e+00	1.208529e+00	7.370549e-12	4.000000e-01	1.000000e-01	1.359513e+00	2.034016e+00	2.433952e+00
4.050000e+00	1.943681e+00	1.875875e+00	1.213641e+00	8.515189e-12	4.000000e-01	1.000000e-01	1.362657e+00	2.037022e+00	2.440942e+00
4.060000e+00	1.951481e+00	1.879178e+00	1.219141e+00	9.628076e-12	4.000000e-01	1.000000e-01	1.366918e+00	2.039283e+00	2.448502e+00
4.070000e+00	1.959812e+00	1.882697e+00	1.225017e+00	1.068901e-11	4.000000e-01	1.000000e-01	1.372294e+00	2.040789e+00	2.456620e+00
4.080000e+00	1.968660e+00	1.886424e+00	1.231258e+00	1.167577e-11	4.000000e-01	1.000000e-01	1.378777e+00	2.041530e+00	2.465286e+00
4.090000e+00	1.978007e+00	1.890351e+00	1.237854e+00	1.257550e-11	4.000000e-01	1.000000e-01	1.386362e+00	2.041498e+00	2.474487e+00
4.100000e+00	1.987838e+00	1.894468e+00	1.244793e+00	1.337486e-11	4.000000e-01	1.000000e-01	1.395041e+00	2.040689e+00	2.484209e+00
4.110000e+00	1.998135e+00	1.898767e+00	1.252063e+00	1.406475e-11	4.000000e-01	1.000000e-01	1.404806e+00	2.039098e+00	2.494436e+00
4.120000e+00	2.008881e+00	1.903239e+00	1.259651e+00	1.464207e-11	4.000000e-01	1.000000e-01	1.415647e+00	2.036721e+00	2.505153e+00
4.130000e+00	2.020058e+00	1.907873e+00	1.267547e+00	1.510392e-11	4.000000e-01	1.000000e-01	1.427555e+00	2.033560e+00	2.516342e+00
4.140000e+00	2.031648e+00	1.912661e+00	1.275737e+00	1.545142e-11	4.000000e-01	1.000000e-01	1.440517e+00	2.029615e+00	2.527984e+00
4.150000e+00	2.043634e+00	1.917593e+00	1.284210e+00	1.568812e-11	4.000000e-01	1.000000e-01	1.454520e+00	2.024890e+00	2.540060e+00
4.160000e+00	2.055996e+00	1.922659e+00	1.292952e+00	1.581979e-11	4.000000e-01	1.000000e-01	1.469550e+00	2.019391e+00	2.552551e+00
4.170000e+00	2.068717e+00	1.927850e+00	1.301951e+00	1.585421e-11	4.000000e-01	1.000000e-01	1.485592e+00	2.013126e+00	2.565435e+00
4.180000e+00	2.081780e+00	1.933157e+00	1.311195e+00	1.579892e-11	4.000000e-01	1.000000e-01	1.502628e+00	2.006105e+00	2.578692e+00
4.190000e+00	2.095165e+00	1.938570e+00	1.320671e+00	1.566325e-11	4.000000e-01	1.000000e-01	1.520638e+00	1.998342e+00	2.592300e+00
4.200000e+00	2.108857e+00	1.944081e+00	1.330368e+00	1.545564e-11	4.000000e-01	1.000000e-01	1.539603e+00	1.989851e+00	2.606237e+00
4.210000e+00	2.122836e+00	1.949679e+00	1.340273e+00	1.518696e-11	4.000000e-01	1.000000e-01	1.559498e+00	1.980651e+00	2.620481e+00
4.220000e+00	2.137086e+00	1.955355e+00	1.350374e+00	1.486655e-11	4.000000e-01	1.000000e-01	1.580300e+00	1.970762e+00	2.635008e+00
4.230000e+00	2.151590e+00	1.961103e+00	1.360659e+00	1.450151e-11	4.000000e-01	1.000000e-01	1.601981e+00	1.960207e+00	2.649798e+00
4.240000e+00	2.166330e+00	1.966911e+00	1.371118e+00	1.410316e-11	4.000000e-01	1.000000e-01	1.624512e+00	1.949010e+00	2.664826e+00
4.250000e+00	2.181291e+00	1.972773e+00	1.381738e+00	1.367750e-11	4.000000e-01	1.000000e-01	1.647862e+00	1.937200e+00	2.680070e+00
4.260000e+00	2.196457e+00	1.978679e+00	1.392508e+00	1.323186e-11	4.000000e-01	1.000000e-01	1.671997e+00	1.924807e+00	2.695508e+00
4.270000e+00	2.211811e+00	1.984622e+00	1.403418e+00	1.277289e-11	4.000000e-01	1.000000e-01	1.696882e+00	1.911862e+00	2.711115e+00
4.280000e+00	2.227339e+00	1.990595e+00	1.414457e+00	1.230749e-11	4.000000e-01	1.000000e-01	1.722479e+00	1.898400e+00	2.726870e+00
4.290000e+00	2.243025e+00	1.996588e+00	1.425613e+00	1.183875e-11	4.000000e-01	1.000000e-01	1.748747e+00	1.884458e+00	2.742748e+00
4.300000e+00	2.258854e+00	2.002596e+00	1.436878e+00	1.137268e-11	4.000000e-01	1.000000e-01	1.775645e+00	1.870073e+00	2.758726e+00
4.310000e+00	2.274812e+00	2.008611e+00	1.448241e+00	1.091216e-11	4.000000e-01	1.000000e-01	1.803127e+00	1.855285e+00	2.774780e+00
4.320000e+00	2.290885e+00	2.014625e+00	1.459693e+00	1.046008e-11	4.000000e-01	1.000000e-01	1.831149e+00	1.840135e+00	2.790885e+00
4.330000e+00	2.307060e+00	2.020633e+00	1.471224e+00	1.001954e-11	4.000000e-01	1.000000e-01	1.859661e+00	1.824666e+00	2.807019e+00
4.340000e+00	2.323324e+00	2.026628e+00	1.482824e+00	9.592105e-12	4.000000e-01	1.000000e-01	1.888615e+00	1.808922e+00	2.823154e+00
4.350000e+00	2.339663e+00	2.032603e+00	1.494485e+00	9.179546e-12	4.000000e-01	1.000000e-01	1.917959e+00	1.792946e+00	2.839267e+00
4.360000e+00	2.356064e+00	2.038553e+00	1.506199e+00	8.782752e-12	4.000000e-01	1.000000e-01	1.947640e+00	1.776784e+00	2.855331e+00
4.370000e+00	2.372517e+00	2.044472e+00	1.517956e+00	8.401946e-12	4.000000e-01	1.000000e-01	1.977606e+00	1.760481e+00	2.871321e+00
4.380000e+00	2.389009e+00	2.050354e+00	1.529748e+00	8.039125e-12	4.000000e-01	1.000000e-01	2.007801e+00	1.744083e+00	2.887210e+00
4.390000e+00	2.405528e+00	2.056195e+00	1.541569e+00	7.693401e-12	4.000000e-01	1.000000e-01	2.038170e+00	1.727634e+00	2.902973e+00
4.400000e+00	2.422064e+00	2.061987e+00	1.553409e+00	7.365220e-12	4.000000e-01	1.000000e-01	2.068658e+00	1.711180e+00	2.918584e+00
4.410000e+00	2.438606e+00	2.067728e+00	1.565261e+00	7.053691e-12	4.000000e-01	1.000000e-01	2.099207e+00	1.694765e+00	2.934019e+00
4.420000e+00	2.455144e+00	2.073412e+00	1.577118e+00	6.759704e-12	4.000000e-01	1.000000e-01	2.129763e+00	1.678434e+00	2.949254e+00
4.430000e+00	2.471667e+00	2.079035e+00	1.588974e+00	6.482370e-12	4.000000e-01	1.000000e-01	2.160268e+00	1.662229e+00	2.964267e+00
4.440000e+00	2.488165e+00	2.084593e+00	1.600820e+00	6.220358e-12	4.000000e-01	1.000000e-01	2.190666e+00	1.646191e+00	2.979040e+00
4.450000e+00	2.504631e+00	2.090081e+00	1.612651e+00	5.975220e-12	4.000000e-01	1.000000e-01	2.220903e+00	1.630361e+00	2.993558e+00
4.460000e+00	2.521053e+00	2.095495e+00	1.624461e+00	5.744516e-12	4.000000e-01	1.000000e-01	2.250923e+00	1.614777e+00	3.007809e+00
4.470000e+00	2.537424e+00	2.100832e+00	1.636242e+00	5.528689e-12	4.000000e-01	1.000000e-01	2.280673e+00	1.599478e+00	3.021786e+00
4.480000e+00	2.553736e+00	2.106089e+00	1.647989e+00	0.000000e+00	4.000000e-01	1.000000e-01	2.310100e+00	1.584497e+00	3.035490e+00
4.490000e+00	2.569979e+00	2.111262e+00	1.659696e+00	-2.220446e-16	4.000000e-01	1.000000e-01	2.339151e+00	1.569868e+00	3.048924e+00
4.500000e+00	2.586146e+00	2.116348e+00	1.671358e+00	-2.220446e-16	4.000000e-01	1.000000e-01	2.367777e+00	1.555623e+00	3.062101e+00
4.510000e+00	2.602229e+00	2.121344e+00	1.682969e+00	4.440892e-16	4.000000e-01	1.000000e-01	2.395929e+00	1.541791e+00	3.075037e+00
4.520000e+00	2.618221e+00	2.126247e+00	1.694524e+00	2.220446e-16	4.000000e-01	1.000000e-01	2.423559e+00	1.528399e+00	3.087756e+00
4.530000e+00	2.634116e+00	2.131055e+00	1.706018e+00	2.220446e-16	4.000000e-01	1.000000e-01	2.450622e+00	1.515471e+00	3.100286e+00
4.540000e+00	2.649905e+00	2.135765e+00	1.717446e+00	0.000000e+00	4.000000e-01	1.000000e-01	2.477074e+00	1.503029e+00	3.112661e+00
4.550000e+00	2.665583e+00	2.140376e+00	1.728803e+00	-6.661338e-16	4.000000e-01	1.000000e-01	2.502874e+00	1.491095e+00	3.124915e+00
4.560000e+00	2.681144e+00	2.144884e+00	1.740085e+00	4.440892e-16	4.000000e-01	1.000000e-01	2.527981e+00	1.479684e+00	3.137087e+00
4.570000e+00	2.696580e+00	2.149289e+00	1.751287e+00	0.000000e+00	4.000000e-01	1.000000e-01	2.552357e+00	1.468813e+00	3.149214e+00
4.580000e+00	2.711887e+00	2.153588e+00	1.762405e+00	-2.220446e-16	4.000000e-01	1.000000e-01	2.575969e+00	1.458494e+00	3.161333e+00
4.590000e+00	2.727059e+00	2.157779e+00	1.773436e+00	-2.220446e-16	4.000000e-01	1.000000e-01	2.598781e+00	1.448737e+00	3.173480e+00
4.600000e+00	2.742091e+00	2.161862e+00	1.784375e+00	0.000000e+00	4.000000e-01	1.000000e-01	2.620764e+00	1.439550e+00	3.185686e+00
4.610000e+00	2.756977e+00	2.165835e+00	1.795219e+00	-6.661338e-16	4.000000e-01	1.000000e-01	2.641889e+00	1.430939e+00	3.197980e+00
4.620000e+00	2.771713e+00	2.169697e+00	1.805964e+00	0.000000e+00	4.000000e-01	1.000000e-01	2.662132e+00	1.422906e+00	3.210385e+00
4.630000e+00	2.786294e+00	2.173447e+00	1.816606e+00	4.440892e-16	4.000000e-01	1.000000e-01	2.681469e+00	1.415452e+00	3.222920e+00
4.640000e+00	2.800715e+00	2.177084e+00	1.827143e+00	0.000000e+00	4.000000e-01	1.000000e-01	2.699880e+00	1.408575e+00	3.235601e+00
4.650000e+00	2.814973e+00	2.180607e+00	1.837571e+00	2.220446e-16	4.000000e-01	1.000000e-01	2.717350e+00	1.402272e+00	3.248435e+00
4.660000e+00	2.829063e+00	2.184017e+00	1.847887e+00	-2.220446e-16	4.000000e-01	1.000000e-01	2.733865e+00	1.396536e+00	3.261430e+00
4.670000e+00	2.842981e+00	2.187311e+00	1.858088e+00	4.440892e-16	4.000000e-01	1.000000e-01	2.749415e+00	1.391359e+00	3.274585e+00
4.680000e+00	2.856725e+00	2.190491e+00	1.868173e+00	3.230749e-12	4.000000e-01	1.000000e-01	2.763992e+00	1.386731e+00	3.287899e+00
4.690000e+00	2.870291e+00	2.193556e+00	1.878137e+00	3.187228e-12	4.000000e-01	1.000000e-01	2.777594e+00	1.382640e+00	3.301366e+00
4.700000e+00	2.883675e+00	2.196505e+00	1.887979e+00	3.145706e-12	4.000000e-01	1.000000e-01	2.790221e+00	1.379072e+00	3.314978e+00
4.710000e+00	2.896874e+00	2.199340e+00	1.897697e+00	3.108402e-12	4.000000e-01	1.000000e-01	2.801877e+00	1.376012e+00	3.328726e+00
4.720000e+00	2.909887e+00	2.202060e+00	1.907288e+00	3.073097e-12	4.000000e-01	1.000000e-01	2.812569e+00	1.373444e+00	3.342597e+00
4.730000e+00	2.922709e+00	2.204665e+00	1.916750e+00	3.039569e-12	4.000000e-01	1.000000e-01	2.822307e+00	1.371350e+00	3.356579e+00
4.740000e+00	2.935339e+00	2.207157e+00	1.926082e+00	3.009148e-12	4.000000e-01	1.000000e-01	2.831105e+00	1.369712e+00	3.370656e+00
4.750000e+00	2.947775e+00	2.209535e+00	1.935281e+00	2.980505e-12	4.000000e-01	1.000000e-01	2.838979e+00	1.368511e+00	3.384813e+00
4.760000e+00	2.960015e+00	2.211801e+00	1.944346e+00	2.953193e-12	4.000000e-01	1.000000e-01	2.845948e+00	1.367729e+00	3.399035e+00
4.770000e+00	2.972056e+00	2.213955e+00	1.953275e+00	2.927214e-12	4.000000e-01	1.000000e-01	2.852034e+00	1.367346e+00	3.413303e+00
4.780000e+00	2.983898e+00	2.215998e+00	1.962067e+00	2.902789e-12	4.000000e-01	1.000000e-01	2.857258e+00	1.367343e+00	3.427599e+00
4.790000e+00	2.995538e+00	2.217931e+00	1.970721e+00	2.879474e-12	4.000000e-01	1.000000e-01	2.861647e+00	1.367702e+00	3.441903e+00
4.800000e+00	3.006975e+00	2.219756e+00	1.979235e+00	2.857714e-12	4.000000e-01	1.000000e-01	2.865226e+00	1.368404e+00	3.456195e+00
4.810000e+00	3.018208e+00	2.221474e+00	1.987609e+00	2.835954e-12	4.000000e-01	1.000000e-01	2.868023e+00	1.369432e+00	3.470451e+00
4.820000e+00	3.029237e+00	2.223085e+00	1.995841e+00	2.814637e-12	4.000000e-01	1.000000e-01	2.870065e+00	1.370769e+00	3.484646e+00
4.830000e+00	3.040059e+00	2.224592e+00	2.003931e+00	2.793987e-12	4.000000e-01	1.000000e-01	2.871380e+00	1.372398e+00	3.498755e+00
4.840000e+00	3.050676e+00	2.225996e+00	2.011877e+00	2.773559e-12	4.000000e-01	1.000000e-01	2.871997e+00	1.374305e+00	3.512747e+00
4.850000e+00	3.061086e+00	2.227298e+00	2.019680e+00	2.753575e-12	4.000000e-01	1.000000e-01	2.871945e+00	1.376473e+00	3.526593e+00
4.860000e+00	3.071288e+00	2.228502e+00	2.027339e+00	2.732925e-12	4.000000e-01	1.000000e-01	2.871253e+00	1.378891e+00	3.540259e+00
4.870000e+00	3.081283e+00	2.229607e+00	2.034852e+00	2.712497e-12	4.000000e-01	1.000000e-01	2.869948e+00	1.381543e+00	3.553709e+00
4.880000e+00	3.091071e+00	2.230617e+00	2.042221e+00	2.691625e-12	4.000000e-01	1.000000e-01	2.868058e+00	1.384418e+00	3.566906e+00
4.890000e+00	3.100652e+00	2.231533e+00	2.049444e+00	2.669864e-12	4.000000e-01	1.000000e-01	2.865613e+00	1.387504e+00	3.579813e+00
4.900000e+00	3.110025e+00	2.232357e+00	2.056522e+00	2.648548e-12	4.000000e-01	1.000000e-01	2.862640e+00	1.390788e+00	3.592390e+00
4.910000e+00	3.119192e+00	2.233091e+00	2.063455e+00	2.625677e-12	4.000000e-01	1.000000e-01	2.859166e+00	1.394259e+00	3.604598e+00
4.920000e+00	3.128152e+00	2.233739e+00	2.070242e+00	2.602141e-12	4.000000e-01	1.000000e-01	2.855220e+00	1.397907e+00	3.616399e+00
4.930000e+00	3.136907e+00	2.234301e+00	2.076884e+00	2.577938e-12	4.000000e-01	1.000000e-01	2.850828e+00	1.401719e+00	3.627756e+00
4.940000e+00	3.145458e+00	2.234781e+00	2.083381e+00	2.552847e-12	4.000000e-01	1.000000e-01	2.846017e+00	1.405685e+00	3.638636e+00
4.950000e+00	3.153804e+00	2.235181e+00	2.089733e+00	2.526201e-12	4.000000e-01	1.000000e-01	2.840817e+00	1.409794e+00	3.649007e+00
4.960000e+00	3.161948e+00	2.235503e+00	2.095941e+00	2.498446e-12	4.000000e-01	1.000000e-01	2.835253e+00	1.414033e+00	3.658845e+00
4.970000e+00	3.169890e+00	2.235750e+00	2.102005e+00	2.469358e-12	4.000000e-01	1.000000e-01	2.829355e+00	1.418392e+00	3.668127e+00
4.980000e+00	3.177631e+00	2.235925e+00	2.107926e+00	2.438938e-12	4.000000e-01	1.000000e-01	2.823149e+00	1.422859e+00	3.676838e+00
4.990000e+00	3.185173e+00	2.236030e+00	2.113705e+00	2.406964e-12	4.000000e-01	1.000000e-01	2.816664e+00	1.427420e+00	3.684970e+00
5.000000e+00	3.192518e+00	2.236068e+00	2.119341e+00	2.373435e-12	4.000000e-01	1.000000e-01	2.809928e+00	1.432063e+00	3.692518e+00


