"DMS_Project"

"Time      "	".A1.Translational_Velocity.Y"	".D1.Translational_Velocity.Y"	".M1.Translational_Velocity.Y"	".O1.Translational_Velocity.Y"	".H7.Translational_Velocity.Y"	".N5.Translational_Velocity.Y"	".C2.Translational_Velocity.Y"	".G2.Translational_Velocity.Y"	".K3.Translational_Velocity.Y"
0.000000e+00	-1.993610e+00	-1.512394e+00	-1.306158e+00	0.000000e+00	-2.775558e-17	-2.775558e-17	-2.251001e+00	-3.517813e-02	-9.786773e-01
1.000000e-02	-1.992012e+00	-1.516131e+00	-1.304374e+00	0.000000e+00	-5.551115e-17	-2.775558e-16	-2.192535e+00	-9.081348e-02	-1.014327e+00
2.000000e-02	-1.989669e+00	-1.519354e+00	-1.302093e+00	-2.220446e-16	0.000000e+00	-5.551115e-17	-2.132728e+00	-1.483373e-01	-1.051809e+00
3.000000e-02	-1.986583e+00	-1.522061e+00	-1.299319e+00	0.000000e+00	-5.551115e-17	9.714451e-17	-2.071954e+00	-2.074307e-01	-1.090394e+00
4.000000e-02	-1.982759e+00	-1.524248e+00	-1.296056e+00	0.000000e+00	-5.551115e-17	4.857226e-17	-2.010588e+00	-2.677671e-01	-1.129444e+00
5.000000e-02	-1.978203e+00	-1.525915e+00	-1.292308e+00	-2.220446e-16	-5.551115e-17	1.526557e-16	-1.949003e+00	-3.290135e-01	-1.168423e+00
6.000000e-02	-1.972919e+00	-1.527057e+00	-1.288078e+00	0.000000e+00	0.000000e+00	9.714451e-17	-1.887565e+00	-3.908329e-01	-1.206894e+00
7.000000e-02	-1.966911e+00	-1.527674e+00	-1.283371e+00	2.220446e-16	-5.551115e-17	2.567391e-16	-1.826638e+00	-4.528861e-01	-1.244517e+00
8.000000e-02	-1.960186e+00	-1.527763e+00	-1.278191e+00	0.000000e+00	0.000000e+00	5.551115e-17	-1.766574e+00	-5.148342e-01	-1.281042e+00
9.000000e-02	-1.952748e+00	-1.527322e+00	-1.272543e+00	0.000000e+00	-5.551115e-17	9.020562e-17	-1.707712e+00	-5.763409e-01	-1.316294e+00
1.000000e-01	-1.944602e+00	-1.526348e+00	-1.266431e+00	0.000000e+00	0.000000e+00	4.857226e-17	-1.650379e+00	-6.370749e-01	-1.350169e+00
1.100000e-01	-1.935755e+00	-1.524840e+00	-1.259859e+00	-2.220446e-16	0.000000e+00	1.457168e-16	-1.594883e+00	-6.967133e-01	-1.382616e+00
1.200000e-01	-1.926212e+00	-1.522794e+00	-1.252833e+00	-2.220446e-16	0.000000e+00	-1.214306e-16	-1.541512e+00	-7.549430e-01	-1.413633e+00
1.300000e-01	-1.915979e+00	-1.520209e+00	-1.245356e+00	2.220446e-16	-5.551115e-17	-9.540979e-17	-1.490533e+00	-8.114647e-01	-1.443253e+00
1.400000e-01	-1.905060e+00	-1.517082e+00	-1.237435e+00	2.220446e-16	-1.110223e-16	5.377643e-17	-1.442186e+00	-8.659945e-01	-1.471535e+00
1.500000e-01	-1.893463e+00	-1.513411e+00	-1.229073e+00	-2.220446e-16	-1.110223e-16	2.983724e-16	-1.396685e+00	-9.182667e-01	-1.498562e+00
1.600000e-01	-1.881193e+00	-1.509192e+00	-1.220276e+00	0.000000e+00	-1.665335e-16	-5.898060e-17	-1.354216e+00	-9.680363e-01	-1.524427e+00
1.700000e-01	-1.868256e+00	-1.504424e+00	-1.211047e+00	0.000000e+00	-5.551115e-17	2.272488e-16	-1.314934e+00	-1.015081e+00	-1.549234e+00
1.800000e-01	-1.854658e+00	-1.499103e+00	-1.201394e+00	0.000000e+00	0.000000e+00	2.081668e-17	-1.278962e+00	-1.059203e+00	-1.573088e+00
1.900000e-01	-1.840404e+00	-1.493227e+00	-1.191319e+00	0.000000e+00	5.551115e-17	1.179612e-16	-1.246388e+00	-1.100231e+00	-1.596094e+00
2.000000e-01	-1.825500e+00	-1.486792e+00	-1.180829e+00	2.220446e-16	-5.551115e-17	1.734723e-16	-1.217271e+00	-1.138020e+00	-1.618353e+00
2.100000e-01	-1.809953e+00	-1.479796e+00	-1.169928e+00	2.220446e-16	0.000000e+00	-4.857226e-17	-1.191631e+00	-1.172457e+00	-1.639957e+00
2.200000e-01	-1.793767e+00	-1.472234e+00	-1.158621e+00	-2.220446e-16	1.110223e-16	2.012279e-16	-1.169459e+00	-1.203455e+00	-1.660989e+00
2.300000e-01	-1.776949e+00	-1.464103e+00	-1.146912e+00	0.000000e+00	-5.551115e-17	3.677614e-16	-1.150708e+00	-1.230958e+00	-1.681520e+00
2.400000e-01	-1.759504e+00	-1.455399e+00	-1.134808e+00	2.220446e-16	-5.551115e-17	7.632783e-17	-1.135302e+00	-1.254940e+00	-1.701606e+00
2.500000e-01	-1.741438e+00	-1.446119e+00	-1.122312e+00	0.000000e+00	-5.551115e-17	2.775558e-17	-1.123133e+00	-1.275402e+00	-1.721288e+00
2.600000e-01	-1.722755e+00	-1.436258e+00	-1.109429e+00	0.000000e+00	5.551115e-17	-8.326673e-17	-1.114062e+00	-1.292375e+00	-1.740591e+00
2.700000e-01	-1.703462e+00	-1.425812e+00	-1.096164e+00	0.000000e+00	0.000000e+00	2.636780e-16	-1.107923e+00	-1.305918e+00	-1.759524e+00
2.800000e-01	-1.683563e+00	-1.414775e+00	-1.082523e+00	0.000000e+00	5.551115e-17	6.938894e-17	-1.104525e+00	-1.316114e+00	-1.778077e+00
2.900000e-01	-1.663064e+00	-1.403144e+00	-1.068508e+00	2.220446e-16	-1.110223e-16	2.081668e-16	-1.103652e+00	-1.323069e+00	-1.796226e+00
3.000000e-01	-1.641969e+00	-1.390913e+00	-1.054125e+00	-1.110223e-16	0.000000e+00	-4.024558e-16	-1.105071e+00	-1.326912e+00	-1.813929e+00
3.100000e-01	-1.620283e+00	-1.378076e+00	-1.039378e+00	-1.110223e-16	-1.110223e-16	-4.163336e-17	-1.108528e+00	-1.327791e+00	-1.831133e+00
3.200000e-01	-1.598010e+00	-1.364627e+00	-1.024272e+00	1.110223e-16	-1.110223e-16	1.804112e-16	-1.113756e+00	-1.325871e+00	-1.847768e+00
3.300000e-01	-1.575156e+00	-1.350562e+00	-1.008811e+00	1.110223e-16	0.000000e+00	-1.110223e-16	-1.120476e+00	-1.321329e+00	-1.863759e+00
3.400000e-01	-1.551723e+00	-1.335874e+00	-9.929984e-01	0.000000e+00	5.551115e-17	9.714451e-17	-1.128402e+00	-1.314356e+00	-1.879018e+00
3.500000e-01	-1.527717e+00	-1.320555e+00	-9.768390e-01	2.220446e-16	0.000000e+00	1.804112e-16	-1.137241e+00	-1.305149e+00	-1.893455e+00
3.600000e-01	-1.503141e+00	-1.304600e+00	-9.603366e-01	0.000000e+00	0.000000e+00	3.053113e-16	-1.146699e+00	-1.293911e+00	-1.906976e+00
3.700000e-01	-1.477998e+00	-1.288002e+00	-9.434951e-01	2.220446e-16	-2.775558e-17	-2.775558e-17	-1.156482e+00	-1.280849e+00	-1.919488e+00
3.800000e-01	-1.452293e+00	-1.270754e+00	-9.263182e-01	0.000000e+00	-8.326673e-17	-5.551115e-17	-1.166300e+00	-1.266169e+00	-1.930900e+00
3.900000e-01	-1.426029e+00	-1.252848e+00	-9.088097e-01	2.220446e-16	-8.326673e-17	-1.942890e-16	-1.175869e+00	-1.250074e+00	-1.941126e+00
4.000000e-01	-1.399209e+00	-1.234277e+00	-8.909733e-01	-1.110223e-16	0.000000e+00	-1.942890e-16	-1.184913e+00	-1.232763e+00	-1.950087e+00
4.100000e-01	-1.371836e+00	-1.215034e+00	-8.728123e-01	-1.110223e-16	5.551115e-17	2.775558e-17	-1.193168e+00	-1.214429e+00	-1.957712e+00
4.200000e-01	-1.343913e+00	-1.195111e+00	-8.543304e-01	0.000000e+00	2.775558e-17	-1.942890e-16	-1.200381e+00	-1.195253e+00	-1.963940e+00
4.300000e-01	-1.315443e+00	-1.174501e+00	-8.355309e-01	-1.110223e-16	-8.326673e-17	5.551115e-17	-1.206314e+00	-1.175409e+00	-1.968720e+00
4.400000e-01	-1.286430e+00	-1.153195e+00	-8.164172e-01	-1.110223e-16	-1.110223e-16	-8.326673e-17	-1.210746e+00	-1.155055e+00	-1.972012e+00
4.500000e-01	-1.256876e+00	-1.131187e+00	-7.969927e-01	0.000000e+00	0.000000e+00	1.110223e-16	-1.213472e+00	-1.134339e+00	-1.973786e+00
4.600000e-01	-1.226784e+00	-1.108470e+00	-7.772606e-01	1.110223e-16	0.000000e+00	8.326673e-17	-1.214303e+00	-1.113393e+00	-1.974021e+00
4.700000e-01	-1.196157e+00	-1.085036e+00	-7.572244e-01	-1.110223e-16	-5.551115e-17	-5.551115e-17	-1.213072e+00	-1.092334e+00	-1.972706e+00
4.800000e-01	-1.164998e+00	-1.060880e+00	-7.368873e-01	0.000000e+00	8.326673e-17	-2.220446e-16	-1.209629e+00	-1.071264e+00	-1.969836e+00
4.900000e-01	-1.133311e+00	-1.035994e+00	-7.162528e-01	-1.110223e-16	-2.775558e-17	5.551115e-17	-1.203843e+00	-1.050270e+00	-1.965411e+00
5.000000e-01	-1.101098e+00	-1.010374e+00	-6.953245e-01	1.110223e-16	-2.775558e-17	1.665335e-16	-1.195604e+00	-1.029421e+00	-1.959435e+00
5.100000e-01	-1.068365e+00	-9.840151e-01	-6.741058e-01	0.000000e+00	-2.775558e-17	-8.326673e-17	-1.184820e+00	-1.008774e+00	-1.951913e+00
5.200000e-01	-1.035114e+00	-9.569133e-01	-6.526006e-01	1.110223e-16	0.000000e+00	2.775558e-17	-1.171418e+00	-9.883668e-01	-1.942849e+00
5.300000e-01	-1.001351e+00	-9.290658e-01	-6.308129e-01	1.110223e-16	0.000000e+00	-8.326673e-17	-1.155346e+00	-9.682254e-01	-1.932243e+00
5.400000e-01	-9.670806e-01	-9.004712e-01	-6.087467e-01	0.000000e+00	-5.551115e-17	-1.942890e-16	-1.136567e+00	-9.483604e-01	-1.920088e+00
5.500000e-01	-9.323085e-01	-8.711290e-01	-5.864065e-01	0.000000e+00	-5.551115e-17	1.110223e-16	-1.115065e+00	-9.287689e-01	-1.906367e+00
5.600000e-01	-8.970410e-01	-8.410406e-01	-5.637970e-01	0.000000e+00	0.000000e+00	-1.942890e-16	-1.090839e+00	-9.094353e-01	-1.891051e+00
5.700000e-01	-8.612855e-01	-8.102089e-01	-5.409233e-01	1.110223e-16	-2.775558e-17	2.775558e-17	-1.063906e+00	-8.903321e-01	-1.874094e+00
5.800000e-01	-8.250499e-01	-7.786388e-01	-5.177908e-01	-1.110223e-16	0.000000e+00	-8.326673e-17	-1.034298e+00	-8.714205e-01	-1.855433e+00
5.900000e-01	-7.883433e-01	-7.463371e-01	-4.944055e-01	0.000000e+00	-5.551115e-17	1.110223e-16	-1.002063e+00	-8.526511e-01	-1.834983e+00
6.000000e-01	-7.511756e-01	-7.133130e-01	-4.707737e-01	0.000000e+00	-2.775558e-17	8.326673e-17	-9.672641e-01	-8.339654e-01	-1.812634e+00
6.100000e-01	-7.135582e-01	-6.795780e-01	-4.469023e-01	0.000000e+00	-5.551115e-17	-1.110223e-16	-9.299786e-01	-8.152956e-01	-1.788254e+00
6.200000e-01	-6.755035e-01	-6.451463e-01	-4.227987e-01	0.000000e+00	-2.775558e-17	-1.665335e-16	-8.902969e-01	-7.965663e-01	-1.761680e+00
6.300000e-01	-6.370252e-01	-6.100347e-01	-3.984711e-01	-5.551115e-17	8.326673e-17	-2.775558e-17	-8.483230e-01	-7.776944e-01	-1.732728e+00
6.400000e-01	-5.981384e-01	-5.742630e-01	-3.739281e-01	-5.551115e-17	-2.775558e-17	-5.551115e-17	-8.041730e-01	-7.585903e-01	-1.701184e+00
6.500000e-01	-5.588598e-01	-5.378537e-01	-3.491790e-01	0.000000e+00	-5.551115e-17	-1.249001e-16	-7.579756e-01	-7.391584e-01	-1.666817e+00
6.600000e-01	-5.192074e-01	-5.008326e-01	-3.242339e-01	-5.551115e-17	0.000000e+00	1.387779e-17	-7.098707e-01	-7.192974e-01	-1.629377e+00
6.700000e-01	-4.792007e-01	-4.632285e-01	-2.991036e-01	-5.551115e-17	-2.775558e-17	-1.387779e-17	-6.600095e-01	-6.989009e-01	-1.588605e+00
6.800000e-01	-4.388609e-01	-4.250735e-01	-2.737994e-01	0.000000e+00	2.775558e-17	0.000000e+00	-6.085539e-01	-6.778581e-01	-1.544243e+00
6.900000e-01	-3.982106e-01	-3.864024e-01	-2.483336e-01	0.000000e+00	-8.326673e-17	-9.714451e-17	-5.556759e-01	-6.560539e-01	-1.496042e+00
7.000000e-01	-3.572739e-01	-3.472535e-01	-2.227190e-01	0.000000e+00	-1.387779e-16	2.775558e-17	-5.015574e-01	-6.333697e-01	-1.443778e+00
7.100000e-01	-3.160764e-01	-3.076678e-01	-1.969691e-01	0.000000e+00	-5.551115e-17	-2.775558e-17	-4.463889e-01	-6.096837e-01	-1.387263e+00
7.200000e-01	-2.746448e-01	-2.676889e-01	-1.710980e-01	-5.551115e-17	-5.551115e-17	-1.387779e-17	-3.903698e-01	-5.848714e-01	-1.326358e+00
7.300000e-01	-2.330075e-01	-2.273634e-01	-1.451205e-01	0.000000e+00	-5.551115e-17	-2.081668e-17	-3.337065e-01	-5.588065e-01	-1.260988e+00
7.400000e-01	-1.911938e-01	-1.867399e-01	-1.190519e-01	0.000000e+00	2.775558e-17	1.387779e-17	-2.766124e-01	-5.313617e-01	-1.191148e+00
7.500000e-01	-1.492341e-01	-1.458692e-01	-9.290791e-02	0.000000e+00	-6.938894e-17	-2.081668e-17	-2.193060e-01	-5.024099e-01	-1.116913e+00
7.600000e-01	-1.071595e-01	-1.048038e-01	-6.670472e-02	0.000000e+00	-4.163336e-17	0.000000e+00	-1.620097e-01	-4.718252e-01	-1.038439e+00
7.700000e-01	-6.500198e-02	-6.359781e-02	-4.045880e-02	6.938894e-18	-4.163336e-17	6.938894e-18	-1.049483e-01	-4.394848e-01	-9.559588e-01
7.800000e-01	-2.279401e-02	-2.230605e-02	-1.418688e-02	1.734723e-18	-1.387779e-17	-4.336809e-18	-4.834673e-02	-4.052711e-01	-8.697807e-01
7.900000e-01	1.943168e-02	1.901584e-02	1.209417e-02	-1.734723e-18	-2.775558e-17	8.673617e-19	7.572331e-03	-3.690742e-01	-7.802719e-01
8.000000e-01	6.164226e-02	6.031204e-02	3.836743e-02	-6.938894e-18	1.387779e-17	-6.938894e-18	6.259093e-02	-3.307945e-01	-6.878464e-01
8.100000e-01	1.038050e-01	1.015269e-01	6.461603e-02	1.387779e-17	-1.387779e-17	6.938894e-18	1.164990e-01	-2.903459e-01	-5.929476e-01
8.200000e-01	1.458873e-01	1.426055e-01	9.082324e-02	-1.387779e-17	-2.775558e-17	-6.938894e-18	1.690976e-01	-2.476598e-01	-4.960296e-01
8.300000e-01	1.878574e-01	1.834936e-01	1.169725e-01	2.775558e-17	2.081668e-17	-2.081668e-17	2.202026e-01	-2.026888e-01	-3.975401e-01
8.400000e-01	2.296839e-01	2.241387e-01	1.430477e-01	2.775558e-17	-2.081668e-17	6.245005e-17	2.696484e-01	-1.554107e-01	-2.979036e-01
8.500000e-01	2.713363e-01	2.644898e-01	1.690331e-01	0.000000e+00	-6.938894e-18	-5.551115e-17	3.172914e-01	-1.058322e-01	-1.975079e-01
8.600000e-01	3.127853e-01	3.044980e-01	1.949132e-01	0.000000e+00	-3.469447e-18	0.000000e+00	3.630141e-01	-5.399326e-02	-9.669341e-02
8.700000e-01	3.540025e-01	3.441167e-01	2.206733e-01	0.000000e+00	-3.469447e-18	1.387779e-17	4.067277e-01	3.035616e-05	4.253821e-03
8.800000e-01	3.949609e-01	3.833019e-01	2.462992e-01	5.551115e-17	3.252607e-19	8.326673e-17	4.483755e-01	5.612450e-02	1.051056e-01
8.900000e-01	4.356349e-01	4.220124e-01	2.717773e-01	0.000000e+00	0.000000e+00	5.551115e-17	4.879339e-01	1.141355e-01	2.056917e-01
9.000000e-01	4.760003e-01	4.602099e-01	2.970948e-01	5.551115e-17	1.387779e-17	1.387779e-17	5.254143e-01	1.738704e-01	3.058973e-01
9.100000e-01	5.160343e-01	4.978590e-01	3.222394e-01	5.551115e-17	6.938894e-18	6.938894e-17	5.608618e-01	2.350985e-01	4.056575e-01
9.200000e-01	5.557156e-01	5.349276e-01	3.471996e-01	1.110223e-16	1.387779e-17	8.326673e-17	5.943547e-01	2.975550e-01	5.049501e-01
9.300000e-01	5.950247e-01	5.713866e-01	3.719647e-01	0.000000e+00	0.000000e+00	-8.326673e-17	6.260008e-01	3.609460e-01	6.037873e-01
9.400000e-01	6.339433e-01	6.072101e-01	3.965245e-01	0.000000e+00	6.938894e-17	8.326673e-17	6.559341e-01	4.249545e-01	7.022058e-01
9.500000e-01	6.724547e-01	6.423750e-01	4.208696e-01	0.000000e+00	2.775558e-17	2.775558e-17	6.843096e-01	4.892483e-01	8.002568e-01
9.600000e-01	7.105437e-01	6.768615e-01	4.449913e-01	1.110223e-16	0.000000e+00	-5.551115e-17	7.112978e-01	5.534876e-01	8.979952e-01
9.700000e-01	7.481964e-01	7.106525e-01	4.688815e-01	0.000000e+00	0.000000e+00	-8.326673e-17	7.370787e-01	6.173341e-01	9.954694e-01
9.800000e-01	7.854003e-01	7.437336e-01	4.925326e-01	5.551115e-17	5.551115e-17	-1.665335e-16	7.618356e-01	6.804586e-01	1.092711e+00
9.900000e-01	8.221440e-01	7.760932e-01	5.159378e-01	1.110223e-16	-2.775558e-17	-2.775558e-17	7.857495e-01	7.425482e-01	1.189725e+00
1.000000e+00	8.584174e-01	8.077219e-01	5.390906e-01	1.110223e-16	2.775558e-17	8.326673e-17	8.089940e-01	8.033130e-01	1.286480e+00
1.010000e+00	8.942115e-01	8.386125e-01	5.619851e-01	0.000000e+00	2.775558e-17	2.775558e-17	8.317310e-01	8.624908e-01	1.382904e+00
1.020000e+00	9.295181e-01	8.687603e-01	5.846158e-01	-1.110223e-16	8.326673e-17	1.942890e-16	8.541069e-01	9.198503e-01	1.478874e+00
1.030000e+00	9.643299e-01	8.981619e-01	6.069776e-01	-1.110223e-16	-2.775558e-17	2.498002e-16	8.762506e-01	9.751933e-01	1.574213e+00
1.040000e+00	9.986405e-01	9.268162e-01	6.290658e-01	0.000000e+00	-5.551115e-17	5.551115e-17	8.982721e-01	1.028355e+00	1.668689e+00
1.050000e+00	1.032444e+00	9.547231e-01	6.508759e-01	0.000000e+00	5.551115e-17	8.326673e-17	9.202613e-01	1.079205e+00	1.762013e+00
1.060000e+00	1.065736e+00	9.818842e-01	6.724038e-01	0.000000e+00	1.665335e-16	1.665335e-16	9.422889e-01	1.127642e+00	1.853847e+00
1.070000e+00	1.098511e+00	1.008302e+00	6.936454e-01	-1.110223e-16	5.551115e-17	-8.326673e-17	9.644062e-01	1.173596e+00	1.943804e+00
1.080000e+00	1.130765e+00	1.033981e+00	7.145970e-01	-1.110223e-16	5.551115e-17	0.000000e+00	9.866472e-01	1.217022e+00	2.031463e+00
1.090000e+00	1.162494e+00	1.058925e+00	7.352550e-01	-1.110223e-16	0.000000e+00	2.775558e-16	1.009029e+00	1.257899e+00	2.116377e+00
1.100000e+00	1.193695e+00	1.083139e+00	7.556159e-01	0.000000e+00	1.110223e-16	2.775558e-17	1.031554e+00	1.296226e+00	2.198092e+00
1.110000e+00	1.224365e+00	1.106630e+00	7.756762e-01	-1.110223e-16	-5.551115e-17	2.775558e-17	1.054212e+00	1.332021e+00	2.276157e+00
1.120000e+00	1.254499e+00	1.129404e+00	7.954326e-01	0.000000e+00	1.110223e-16	8.326673e-17	1.076979e+00	1.365315e+00	2.350147e+00
1.130000e+00	1.284096e+00	1.151468e+00	8.148817e-01	0.000000e+00	5.551115e-17	-5.551115e-17	1.099822e+00	1.396152e+00	2.419679e+00
1.140000e+00	1.313153e+00	1.172830e+00	8.340203e-01	0.000000e+00	0.000000e+00	5.551115e-17	1.122700e+00	1.424585e+00	2.484419e+00
1.150000e+00	1.341666e+00	1.193495e+00	8.528449e-01	1.110223e-16	-5.551115e-17	-1.387779e-16	1.145562e+00	1.450677e+00	2.544107e+00
1.160000e+00	1.369632e+00	1.213473e+00	8.713523e-01	-1.110223e-16	1.110223e-16	2.220446e-16	1.168352e+00	1.474495e+00	2.598554e+00
1.170000e+00	1.397049e+00	1.232770e+00	8.895389e-01	0.000000e+00	0.000000e+00	1.110223e-16	1.191009e+00	1.496114e+00	2.647655e+00
1.180000e+00	1.423913e+00	1.251394e+00	9.074013e-01	0.000000e+00	5.551115e-17	2.220446e-16	1.213466e+00	1.515609e+00	2.691383e+00
1.190000e+00	1.450222e+00	1.269352e+00	9.249361e-01	1.110223e-16	0.000000e+00	3.608225e-16	1.235652e+00	1.533061e+00	2.729794e+00
1.200000e+00	1.475972e+00	1.286653e+00	9.421395e-01	0.000000e+00	0.000000e+00	-1.110223e-16	1.257494e+00	1.548550e+00	2.763012e+00
1.210000e+00	1.501159e+00	1.303302e+00	9.590078e-01	0.000000e+00	0.000000e+00	-2.775558e-17	1.278917e+00	1.562161e+00	2.791221e+00
1.220000e+00	1.525781e+00	1.319308e+00	9.755374e-01	-2.220446e-16	1.665335e-16	-3.053113e-16	1.299844e+00	1.573975e+00	2.814657e+00
1.230000e+00	1.549833e+00	1.334677e+00	9.917242e-01	-1.110223e-16	-5.551115e-17	-2.775558e-17	1.320198e+00	1.584076e+00	2.833592e+00
1.240000e+00	1.573311e+00	1.349415e+00	1.007564e+00	0.000000e+00	5.551115e-17	-1.387779e-17	1.339901e+00	1.592547e+00	2.848322e+00
1.250000e+00	1.596212e+00	1.363530e+00	1.023054e+00	0.000000e+00	0.000000e+00	6.938894e-17	1.358877e+00	1.599468e+00	2.859154e+00
1.260000e+00	1.618531e+00	1.377027e+00	1.038188e+00	0.000000e+00	1.665335e-16	-8.326673e-17	1.377053e+00	1.604918e+00	2.866397e+00
1.270000e+00	1.640264e+00	1.389913e+00	1.052964e+00	-1.110223e-16	0.000000e+00	-8.326673e-17	1.394356e+00	1.608975e+00	2.870351e+00
1.280000e+00	1.661406e+00	1.402192e+00	1.067376e+00	0.000000e+00	5.551115e-17	-1.665335e-16	1.410719e+00	1.611711e+00	2.871304e+00
1.290000e+00	1.681953e+00	1.413871e+00	1.081420e+00	2.220446e-16	1.110223e-16	1.110223e-16	1.426077e+00	1.613197e+00	2.869520e+00
1.300000e+00	1.701900e+00	1.424955e+00	1.095092e+00	0.000000e+00	-5.551115e-17	5.551115e-17	1.440374e+00	1.613497e+00	2.865241e+00
1.310000e+00	1.721241e+00	1.435448e+00	1.108387e+00	0.000000e+00	-1.110223e-16	-2.914335e-16	1.453559e+00	1.612673e+00	2.858683e+00
1.320000e+00	1.739972e+00	1.445355e+00	1.121300e+00	0.000000e+00	0.000000e+00	-2.914335e-16	1.465587e+00	1.610778e+00	2.850035e+00
1.330000e+00	1.758088e+00	1.454682e+00	1.133827e+00	2.220446e-16	-5.551115e-17	-4.857226e-17	1.476423e+00	1.607861e+00	2.839461e+00
1.340000e+00	1.775583e+00	1.463431e+00	1.145963e+00	0.000000e+00	-5.551115e-17	-6.938894e-17	1.486043e+00	1.603962e+00	2.827100e+00
1.350000e+00	1.792451e+00	1.471607e+00	1.157703e+00	2.220446e-16	-5.551115e-17	-1.040834e-16	1.494431e+00	1.599115e+00	2.813070e+00
1.360000e+00	1.808687e+00	1.479214e+00	1.169042e+00	0.000000e+00	1.110223e-16	-3.469447e-17	1.501584e+00	1.593343e+00	2.797467e+00
1.370000e+00	1.824285e+00	1.486256e+00	1.179976e+00	-2.220446e-16	5.551115e-17	5.551115e-17	1.507510e+00	1.586662e+00	2.780373e+00
1.380000e+00	1.839241e+00	1.492735e+00	1.190499e+00	0.000000e+00	5.551115e-17	1.457168e-16	1.512233e+00	1.579077e+00	2.761852e+00
1.390000e+00	1.853546e+00	1.498656e+00	1.200607e+00	0.000000e+00	0.000000e+00	-3.469447e-18	1.515786e+00	1.570584e+00	2.741958e+00
1.400000e+00	1.867197e+00	1.504021e+00	1.210294e+00	0.000000e+00	0.000000e+00	9.367507e-17	1.518221e+00	1.561168e+00	2.720737e+00
1.410000e+00	1.880188e+00	1.508833e+00	1.219556e+00	0.000000e+00	5.551115e-17	-8.326673e-17	1.519602e+00	1.550803e+00	2.698225e+00
1.420000e+00	1.892511e+00	1.513095e+00	1.228388e+00	-2.220446e-16	0.000000e+00	5.594483e-17	1.520008e+00	1.539455e+00	2.674457e+00
1.430000e+00	1.904162e+00	1.516810e+00	1.236785e+00	0.000000e+00	5.551115e-17	-9.974660e-17	1.519534e+00	1.527076e+00	2.649464e+00
1.440000e+00	1.915134e+00	1.519980e+00	1.244742e+00	0.000000e+00	0.000000e+00	-2.532696e-16	1.518287e+00	1.513609e+00	2.623274e+00
1.450000e+00	1.925422e+00	1.522608e+00	1.252254e+00	0.000000e+00	5.551115e-17	1.075529e-16	1.516392e+00	1.498989e+00	2.595918e+00
1.460000e+00	1.935021e+00	1.524697e+00	1.259316e+00	2.220446e-16	5.551115e-17	3.469447e-17	1.513985e+00	1.483141e+00	2.567427e+00
1.470000e+00	1.943923e+00	1.526248e+00	1.265924e+00	0.000000e+00	-5.551115e-17	2.428613e-17	1.511215e+00	1.465981e+00	2.537834e+00
1.480000e+00	1.952125e+00	1.527264e+00	1.272073e+00	0.000000e+00	5.551115e-17	-2.081668e-16	1.508243e+00	1.447421e+00	2.507173e+00
1.490000e+00	1.959619e+00	1.527748e+00	1.277758e+00	0.000000e+00	1.110223e-16	-2.498002e-16	1.505240e+00	1.427363e+00	2.475482e+00
1.500000e+00	1.966402e+00	1.527701e+00	1.282976e+00	2.220446e-16	-1.110223e-16	-2.012279e-16	1.502385e+00	1.405709e+00	2.442800e+00
1.510000e+00	1.972467e+00	1.527126e+00	1.287721e+00	0.000000e+00	1.110223e-16	-2.567391e-16	1.499865e+00	1.382356e+00	2.409167e+00
1.520000e+00	1.977809e+00	1.526025e+00	1.291989e+00	2.220446e-16	-1.110223e-16	-1.040834e-16	1.497870e+00	1.357203e+00	2.374623e+00
1.530000e+00	1.982423e+00	1.524400e+00	1.295776e+00	2.220446e-16	0.000000e+00	1.318390e-16	1.496594e+00	1.330149e+00	2.339206e+00
1.540000e+00	1.986305e+00	1.522254e+00	1.299077e+00	0.000000e+00	0.000000e+00	1.526557e-16	1.496229e+00	1.301095e+00	2.302954e+00
1.550000e+00	1.989450e+00	1.519589e+00	1.301890e+00	-2.220446e-16	5.551115e-17	-2.775558e-16	1.496966e+00	1.269950e+00	2.265900e+00
1.560000e+00	1.991853e+00	1.516407e+00	1.304211e+00	2.220446e-16	0.000000e+00	2.914335e-16	1.498991e+00	1.236630e+00	2.228073e+00
1.570000e+00	1.993510e+00	1.512710e+00	1.306034e+00	2.220446e-16	-5.551115e-17	-2.775558e-16	1.502481e+00	1.201061e+00	2.189494e+00
1.580000e+00	1.994417e+00	1.508502e+00	1.307358e+00	0.000000e+00	-1.110223e-16	-4.163336e-17	1.507603e+00	1.163181e+00	2.150178e+00
1.590000e+00	1.994570e+00	1.503783e+00	1.308179e+00	2.220446e-16	0.000000e+00	1.526557e-16	1.514512e+00	1.122942e+00	2.110129e+00
1.600000e+00	1.993966e+00	1.498558e+00	1.308493e+00	0.000000e+00	-5.551115e-17	-4.163336e-17	1.523345e+00	1.080311e+00	2.069343e+00
1.610000e+00	1.992600e+00	1.492829e+00	1.308298e+00	-2.220446e-16	-5.551115e-17	-6.938894e-17	1.534223e+00	1.035274e+00	2.027803e+00
1.620000e+00	1.990471e+00	1.486598e+00	1.307591e+00	4.440892e-16	5.551115e-17	8.326673e-17	1.547248e+00	9.878363e-01	1.985482e+00
1.630000e+00	1.987575e+00	1.479868e+00	1.306369e+00	4.440892e-16	1.110223e-16	-5.551115e-17	1.562497e+00	9.380210e-01	1.942342e+00
1.640000e+00	1.983910e+00	1.472643e+00	1.304630e+00	2.220446e-16	-5.551115e-17	-6.938894e-17	1.580027e+00	8.858741e-01	1.898329e+00
1.650000e+00	1.979473e+00	1.464925e+00	1.302371e+00	0.000000e+00	0.000000e+00	1.387779e-17	1.599866e+00	8.314627e-01	1.853384e+00
1.660000e+00	1.974263e+00	1.456717e+00	1.299592e+00	-2.220446e-16	-5.551115e-17	0.000000e+00	1.622019e+00	7.748762e-01	1.807431e+00
1.670000e+00	1.968278e+00	1.448023e+00	1.296290e+00	0.000000e+00	5.551115e-17	-2.775558e-17	1.646464e+00	7.162255e-01	1.760389e+00
1.680000e+00	1.961517e+00	1.438845e+00	1.292463e+00	-2.220446e-16	0.000000e+00	8.326673e-17	1.673150e+00	6.556435e-01	1.712166e+00
1.690000e+00	1.953978e+00	1.429189e+00	1.288111e+00	2.220446e-16	0.000000e+00	2.775558e-17	1.702002e+00	5.932841e-01	1.662666e+00
1.700000e+00	1.945662e+00	1.419056e+00	1.283232e+00	0.000000e+00	0.000000e+00	-8.326673e-17	1.732915e+00	5.293209e-01	1.611789e+00
1.710000e+00	1.936568e+00	1.408451e+00	1.277826e+00	-2.220446e-16	0.000000e+00	8.326673e-17	1.765759e+00	4.639467e-01	1.559436e+00
1.720000e+00	1.926695e+00	1.397378e+00	1.271892e+00	2.220446e-16	-5.551115e-17	5.551115e-17	1.800381e+00	3.973716e-01	1.505510e+00
1.730000e+00	1.916046e+00	1.385841e+00	1.265430e+00	2.220446e-16	0.000000e+00	-1.387779e-16	1.836601e+00	3.298212e-01	1.449926e+00
1.740000e+00	1.904620e+00	1.373845e+00	1.258440e+00	0.000000e+00	-5.551115e-17	0.000000e+00	1.874218e+00	2.615352e-01	1.392612e+00
1.750000e+00	1.892418e+00	1.361392e+00	1.250922e+00	0.000000e+00	0.000000e+00	-1.665335e-16	1.913012e+00	1.927649e-01	1.333521e+00
1.760000e+00	1.879444e+00	1.348488e+00	1.242877e+00	2.220446e-16	-5.551115e-17	-2.220446e-16	1.952743e+00	1.237715e-01	1.272635e+00
1.770000e+00	1.865697e+00	1.335138e+00	1.234306e+00	0.000000e+00	-5.551115e-17	1.110223e-16	1.993153e+00	5.482348e-02	1.209979e+00
1.780000e+00	1.851181e+00	1.321346e+00	1.225210e+00	-2.220446e-16	0.000000e+00	-2.220446e-16	2.033974e+00	-1.380528e-02	1.145628e+00
1.790000e+00	1.835899e+00	1.307117e+00	1.215590e+00	0.000000e+00	-5.551115e-17	-1.110223e-16	2.074922e+00	-8.183787e-02	1.079724e+00
1.800000e+00	1.819854e+00	1.292456e+00	1.205449e+00	0.000000e+00	5.551115e-17	-3.885781e-16	2.115707e+00	-1.489965e-01	1.012484e+00
1.810000e+00	1.803049e+00	1.277368e+00	1.194787e+00	0.000000e+00	2.775558e-17	-1.110223e-16	2.156029e+00	-2.150044e-01	9.442157e-01
1.820000e+00	1.785489e+00	1.261859e+00	1.183609e+00	0.000000e+00	-2.775558e-17	-1.387779e-16	2.195584e+00	-2.795883e-01	8.753276e-01
1.830000e+00	1.767178e+00	1.245934e+00	1.171915e+00	0.000000e+00	2.775558e-17	-1.665335e-16	2.234067e+00	-3.424794e-01	8.063384e-01
1.840000e+00	1.748121e+00	1.229599e+00	1.159709e+00	0.000000e+00	0.000000e+00	2.775558e-17	2.271171e+00	-4.034156e-01	7.378813e-01
1.850000e+00	1.728323e+00	1.212859e+00	1.146994e+00	2.220446e-16	0.000000e+00	-1.387779e-16	2.306590e+00	-4.621429e-01	6.707024e-01
1.860000e+00	1.707790e+00	1.195720e+00	1.133774e+00	1.110223e-16	2.775558e-17	-2.775558e-17	2.340023e+00	-5.184161e-01	6.056505e-01
1.870000e+00	1.686528e+00	1.178188e+00	1.120053e+00	0.000000e+00	0.000000e+00	-2.775558e-17	2.371172e+00	-5.720003e-01	5.436578e-01
1.880000e+00	1.664544e+00	1.160270e+00	1.105835e+00	-1.110223e-16	0.000000e+00	-8.326673e-17	2.399745e+00	-6.226712e-01	4.857087e-01
1.890000e+00	1.641845e+00	1.141972e+00	1.091123e+00	1.110223e-16	-1.387779e-17	-1.942890e-16	2.425459e+00	-6.702156e-01	4.327995e-01
1.900000e+00	1.618438e+00	1.123299e+00	1.075924e+00	0.000000e+00	0.000000e+00	0.000000e+00	2.448037e+00	-7.144315e-01	3.858878e-01
1.910000e+00	1.594330e+00	1.104260e+00	1.060241e+00	0.000000e+00	0.000000e+00	-2.220446e-16	2.467211e+00	-7.551282e-01	3.458379e-01
1.920000e+00	1.569531e+00	1.084859e+00	1.044081e+00	-1.110223e-16	0.000000e+00	-8.326673e-17	2.482721e+00	-7.921256e-01	3.133649e-01
1.930000e+00	1.544049e+00	1.065104e+00	1.027449e+00	0.000000e+00	-1.387779e-17	-1.110223e-16	2.494318e+00	-8.252537e-01	2.889839e-01
1.940000e+00	1.517892e+00	1.045002e+00	1.010351e+00	1.110223e-16	-3.469447e-18	0.000000e+00	2.501759e+00	-8.543518e-01	2.729706e-01
1.950000e+00	1.491071e+00	1.024560e+00	9.927922e-01	1.110223e-16	3.469447e-18	-8.326673e-17	2.504811e+00	-8.792674e-01	2.653372e-01
1.960000e+00	1.463595e+00	1.003784e+00	9.747806e-01	-1.110223e-16	3.469447e-18	-1.387779e-16	2.503246e+00	-8.998549e-01	2.658271e-01
1.970000e+00	1.435475e+00	9.826828e-01	9.563224e-01	0.000000e+00	-3.469447e-18	0.000000e+00	2.496845e+00	-9.159747e-01	2.739292e-01
1.980000e+00	1.406720e+00	9.612626e-01	9.374249e-01	0.000000e+00	-6.938894e-18	0.000000e+00	2.485393e+00	-9.274915e-01	2.889092e-01
1.990000e+00	1.377343e+00	9.395309e-01	9.180953e-01	0.000000e+00	6.938894e-18	0.000000e+00	2.468683e+00	-9.342732e-01	3.098550e-01
2.000000e+00	1.347355e+00	9.174953e-01	8.983415e-01	0.000000e+00	-1.387779e-17	-8.326673e-17	2.446509e+00	-9.361901e-01	3.357291e-01
2.010000e+00	1.316768e+00	8.951633e-01	8.781713e-01	0.000000e+00	2.775558e-17	-1.387779e-16	2.418670e+00	-9.331137e-01	3.654247e-01
2.020000e+00	1.285593e+00	8.725424e-01	8.575931e-01	0.000000e+00	1.387779e-17	-1.665335e-16	2.384972e+00	-9.249169e-01	3.978186e-01
2.030000e+00	1.253843e+00	8.496405e-01	8.366153e-01	-1.110223e-16	-1.387779e-17	-2.775558e-17	2.345222e+00	-9.114739e-01	4.318178e-01
2.040000e+00	1.221532e+00	8.264652e-01	8.152467e-01	0.000000e+00	2.775558e-17	-5.551115e-17	2.299236e+00	-8.926619e-01	4.663971e-01
2.050000e+00	1.188672e+00	8.030244e-01	7.934964e-01	0.000000e+00	1.387779e-17	0.000000e+00	2.246839e+00	-8.683630e-01	5.006268e-01
2.060000e+00	1.155278e+00	7.793260e-01	7.713736e-01	-1.110223e-16	-1.387779e-17	-5.551115e-17	2.187870e+00	-8.384678e-01	5.336906e-01
2.070000e+00	1.121363e+00	7.553780e-01	7.488880e-01	1.110223e-16	0.000000e+00	0.000000e+00	2.122184e+00	-8.028808e-01	5.648956e-01
2.080000e+00	1.086941e+00	7.311883e-01	7.260494e-01	0.000000e+00	1.387779e-17	-2.081668e-16	2.049668e+00	-7.615270e-01	5.936749e-01
2.090000e+00	1.052028e+00	7.067651e-01	7.028676e-01	0.000000e+00	1.387779e-17	0.000000e+00	1.970240e+00	-7.143606e-01	6.195857e-01
2.100000e+00	1.016637e+00	6.821164e-01	6.793532e-01	0.000000e+00	-1.387779e-17	4.163336e-17	1.883869e+00	-6.613752e-01	6.423046e-01
2.110000e+00	9.807855e-01	6.572505e-01	6.555165e-01	-1.110223e-16	1.387779e-17	-9.714451e-17	1.790583e+00	-6.026159e-01	6.616209e-01
2.120000e+00	9.444875e-01	6.321755e-01	6.313682e-01	-1.110223e-16	0.000000e+00	-4.163336e-17	1.690486e+00	-5.381921e-01	6.774300e-01
2.130000e+00	9.077592e-01	6.068997e-01	6.069193e-01	0.000000e+00	-1.387779e-17	-9.714451e-17	1.583769e+00	-4.682906e-01	6.897262e-01
2.140000e+00	8.706167e-01	5.814314e-01	5.821810e-01	0.000000e+00	0.000000e+00	-1.526557e-16	1.470727e+00	-3.931881e-01	6.985969e-01
2.150000e+00	8.330766e-01	5.557790e-01	5.571646e-01	0.000000e+00	-1.387779e-17	2.775558e-17	1.351769e+00	-3.132611e-01	7.042164e-01
2.160000e+00	7.951553e-01	5.299507e-01	5.318816e-01	0.000000e+00	0.000000e+00	-8.326673e-17	1.227425e+00	-2.289922e-01	7.068396e-01
2.170000e+00	7.568697e-01	5.039550e-01	5.063437e-01	0.000000e+00	0.000000e+00	-1.387779e-17	1.098345e+00	-1.409714e-01	7.067953e-01
2.180000e+00	7.182371e-01	4.778003e-01	4.805629e-01	0.000000e+00	6.938894e-18	-1.110223e-16	9.652978e-01	-4.989017e-02	7.044777e-01
2.190000e+00	6.792747e-01	4.514950e-01	4.545511e-01	0.000000e+00	-6.938894e-18	-8.326673e-17	8.291532e-01	4.347049e-02	7.003358e-01
2.200000e+00	6.400000e-01	4.250475e-01	4.283207e-01	0.000000e+00	0.000000e+00	-8.326673e-17	6.908623e-01	1.382601e-01	6.948610e-01
2.210000e+00	6.004308e-01	3.984664e-01	4.018840e-01	0.000000e+00	1.387779e-17	-6.938894e-17	5.514294e-01	2.335840e-01	6.885725e-01
2.220000e+00	5.605852e-01	3.717601e-01	3.752535e-01	0.000000e+00	2.775558e-17	-2.775558e-17	4.118791e-01	3.285330e-01	6.820014e-01
2.230000e+00	5.204811e-01	3.449372e-01	3.484418e-01	0.000000e+00	5.551115e-17	-5.551115e-17	2.732218e-01	4.222139e-01	6.756740e-01
2.240000e+00	4.801368e-01	3.180061e-01	3.214618e-01	0.000000e+00	2.775558e-17	-3.469447e-17	1.364211e-01	5.137799e-01	6.700950e-01
2.250000e+00	4.395709e-01	2.909754e-01	2.943264e-01	-2.775558e-17	-2.775558e-17	-1.387779e-17	2.364063e-03	6.024554e-01	6.657327e-01
2.260000e+00	3.988020e-01	2.638536e-01	2.670485e-01	0.000000e+00	0.000000e+00	-6.938894e-18	-1.281606e-01	6.875561e-01	6.630048e-01
2.270000e+00	3.578486e-01	2.366493e-01	2.396413e-01	0.000000e+00	-2.775558e-17	-6.938894e-18	-2.544782e-01	7.685021e-01	6.622678e-01
2.280000e+00	3.167297e-01	2.093711e-01	2.121179e-01	0.000000e+00	2.775558e-17	-2.775558e-17	-3.760345e-01	8.448225e-01	6.638072e-01
2.290000e+00	2.754643e-01	1.820274e-01	1.844916e-01	0.000000e+00	0.000000e+00	-2.081668e-17	-4.923959e-01	9.161551e-01	6.678304e-01
2.300000e+00	2.340713e-01	1.546270e-01	1.567759e-01	0.000000e+00	5.551115e-17	-3.469447e-17	-6.032431e-01	9.822391e-01	6.744605e-01
2.310000e+00	1.925698e-01	1.271783e-01	1.289840e-01	-1.387779e-17	5.551115e-17	-1.040834e-17	-7.083605e-01	1.042905e+00	6.837308e-01
2.320000e+00	1.509792e-01	9.968991e-02	1.011296e-01	-1.387779e-17	5.551115e-17	-3.469447e-18	-8.076224e-01	1.098063e+00	6.955805e-01
2.330000e+00	1.093186e-01	7.217046e-02	7.322597e-02	1.387779e-17	5.551115e-17	-6.938894e-18	-9.009792e-01	1.147685e+00	7.098488e-01
2.340000e+00	6.760730e-02	4.462851e-02	4.528679e-02	0.000000e+00	5.551115e-17	-2.602085e-18	-9.884422e-01	1.191797e+00	7.262709e-01
2.350000e+00	2.586468e-02	1.707266e-02	1.732561e-02	1.734723e-18	5.551115e-17	-4.336809e-19	-1.070071e+00	1.230462e+00	7.444731e-01
2.360000e+00	-1.588994e-02	-1.048851e-02	-1.064399e-02	-1.734723e-18	-5.551115e-17	8.673617e-19	-1.145960e+00	1.263771e+00	7.639700e-01
2.370000e+00	-5.763720e-02	-3.804642e-02	-3.860841e-02	6.938894e-18	0.000000e+00	0.000000e+00	-1.216232e+00	1.291835e+00	7.841638e-01
2.380000e+00	-9.935773e-02	-6.559246e-02	-6.655408e-02	0.000000e+00	5.551115e-17	6.938894e-18	-1.281024e+00	1.314773e+00	8.043467e-01
2.390000e+00	-1.410322e-01	-9.311807e-02	-9.446741e-02	0.000000e+00	0.000000e+00	3.469447e-18	-1.340487e+00	1.332712e+00	8.237094e-01
2.400000e+00	-1.826413e-01	-1.206146e-01	-1.223349e-01	0.000000e+00	2.775558e-17	1.734723e-17	-1.394779e+00	1.345780e+00	8.413547e-01
2.410000e+00	-2.241658e-01	-1.480736e-01	-1.501429e-01	0.000000e+00	-1.110223e-16	1.387779e-17	-1.444059e+00	1.354103e+00	8.563197e-01
2.420000e+00	-2.655864e-01	-1.754864e-01	-1.778780e-01	0.000000e+00	5.551115e-17	2.428613e-17	-1.488489e+00	1.357806e+00	8.676046e-01
2.430000e+00	-3.068841e-01	-2.028444e-01	-2.055269e-01	0.000000e+00	0.000000e+00	2.775558e-17	-1.528234e+00	1.357008e+00	8.742096e-01
2.440000e+00	-3.480397e-01	-2.301390e-01	-2.330760e-01	0.000000e+00	-2.775558e-17	0.000000e+00	-1.563454e+00	1.351827e+00	8.751777e-01
2.450000e+00	-3.890343e-01	-2.573617e-01	-2.605122e-01	0.000000e+00	2.775558e-17	-6.938894e-18	-1.594314e+00	1.342377e+00	8.696400e-01
2.460000e+00	-4.298491e-01	-2.845040e-01	-2.878222e-01	0.000000e+00	0.000000e+00	0.000000e+00	-1.620976e+00	1.328771e+00	8.568617e-01
2.470000e+00	-4.704652e-01	-3.115572e-01	-3.149929e-01	0.000000e+00	0.000000e+00	3.469447e-17	-1.643604e+00	1.311120e+00	8.362829e-01
2.480000e+00	-5.108640e-01	-3.385129e-01	-3.420112e-01	-5.551115e-17	-2.775558e-17	7.632783e-17	-1.662367e+00	1.289536e+00	8.075515e-01
2.490000e+00	-5.510272e-01	-3.653625e-01	-3.688642e-01	0.000000e+00	-1.387779e-17	4.163336e-17	-1.677434e+00	1.264134e+00	7.705431e-01
2.500000e+00	-5.909362e-01	-3.920974e-01	-3.955392e-01	0.000000e+00	-1.387779e-17	2.775558e-17	-1.688977e+00	1.235029e+00	7.253668e-01
2.510000e+00	-6.305731e-01	-4.187092e-01	-4.220233e-01	0.000000e+00	-1.387779e-17	4.163336e-17	-1.697176e+00	1.202342e+00	6.723549e-01
2.520000e+00	-6.699197e-01	-4.451893e-01	-4.483042e-01	0.000000e+00	0.000000e+00	5.551115e-17	-1.702212e+00	1.166200e+00	6.120390e-01
2.530000e+00	-7.089584e-01	-4.715294e-01	-4.743693e-01	0.000000e+00	0.000000e+00	-1.387779e-17	-1.704274e+00	1.126734e+00	5.451138e-01
2.540000e+00	-7.476714e-01	-4.977208e-01	-5.002064e-01	0.000000e+00	0.000000e+00	0.000000e+00	-1.703555e+00	1.084083e+00	4.723936e-01
2.550000e+00	-7.860414e-01	-5.237553e-01	-5.258034e-01	0.000000e+00	-3.469447e-18	2.775558e-17	-1.700252e+00	1.038393e+00	3.947655e-01
2.560000e+00	-8.240513e-01	-5.496243e-01	-5.511483e-01	0.000000e+00	3.469447e-18	1.110223e-16	-1.694570e+00	9.898156e-01	3.131439e-01
2.570000e+00	-8.616840e-01	-5.753196e-01	-5.762295e-01	5.551115e-17	-6.938894e-18	1.110223e-16	-1.686717e+00	9.385130e-01	2.284293e-01
2.580000e+00	-8.989230e-01	-6.008326e-01	-6.010353e-01	0.000000e+00	0.000000e+00	6.938894e-17	-1.676903e+00	8.846529e-01	1.414748e-01
2.590000e+00	-9.357517e-01	-6.261551e-01	-6.255543e-01	0.000000e+00	0.000000e+00	2.775558e-17	-1.665345e+00	8.284106e-01	5.306083e-02
2.600000e+00	-9.721539e-01	-6.512788e-01	-6.497754e-01	0.000000e+00	2.775558e-17	4.163336e-17	-1.652257e+00	7.699682e-01	-3.612129e-02
2.610000e+00	-1.008114e+00	-6.761954e-01	-6.736875e-01	0.000000e+00	-1.387779e-17	-8.326673e-17	-1.637859e+00	7.095134e-01	-1.254782e-01
2.620000e+00	-1.043616e+00	-7.008967e-01	-6.972799e-01	0.000000e+00	2.775558e-17	6.938894e-17	-1.622366e+00	6.472393e-01	-2.145162e-01
2.630000e+00	-1.078645e+00	-7.253746e-01	-7.205421e-01	0.000000e+00	0.000000e+00	1.665335e-16	-1.605993e+00	5.833428e-01	-3.028378e-01
2.640000e+00	-1.113185e+00	-7.496208e-01	-7.434636e-01	0.000000e+00	2.775558e-17	6.938894e-17	-1.588951e+00	5.180239e-01	-3.901349e-01
2.650000e+00	-1.147223e+00	-7.736273e-01	-7.660345e-01	0.000000e+00	-2.775558e-17	1.249001e-16	-1.571447e+00	4.514842e-01	-4.761792e-01
2.660000e+00	-1.180743e+00	-7.973860e-01	-7.882448e-01	0.000000e+00	-2.775558e-17	8.326673e-17	-1.553679e+00	3.839257e-01	-5.608118e-01
2.670000e+00	-1.213731e+00	-8.208891e-01	-8.100849e-01	-1.110223e-16	-5.551115e-17	1.387779e-16	-1.535838e+00	3.155493e-01	-6.439324e-01
2.680000e+00	-1.246175e+00	-8.441285e-01	-8.315456e-01	-1.110223e-16	0.000000e+00	8.326673e-17	-1.518105e+00	2.465534e-01	-7.254889e-01
2.690000e+00	-1.278060e+00	-8.670965e-01	-8.526175e-01	0.000000e+00	-8.326673e-17	1.110223e-16	-1.500650e+00	1.771326e-01	-8.054676e-01
2.700000e+00	-1.309373e+00	-8.897852e-01	-8.732920e-01	0.000000e+00	2.775558e-17	1.387779e-16	-1.483629e+00	1.074761e-01	-8.838849e-01
2.710000e+00	-1.340102e+00	-9.121869e-01	-8.935604e-01	0.000000e+00	2.775558e-17	1.110223e-16	-1.467185e+00	3.776649e-02	-9.607797e-01
2.720000e+00	-1.370234e+00	-9.342940e-01	-9.134144e-01	0.000000e+00	0.000000e+00	-2.775558e-17	-1.451444e+00	-3.182143e-02	-1.036207e+00
2.730000e+00	-1.399758e+00	-9.560990e-01	-9.328461e-01	0.000000e+00	-5.551115e-17	1.387779e-16	-1.436518e+00	-1.011220e-01	-1.110231e+00
2.740000e+00	-1.428662e+00	-9.775943e-01	-9.518475e-01	0.000000e+00	-2.775558e-17	1.387779e-16	-1.422502e+00	-1.699797e-01	-1.182925e+00
2.750000e+00	-1.456935e+00	-9.987726e-01	-9.704113e-01	1.110223e-16	2.775558e-17	1.110223e-16	-1.409471e+00	-2.382497e-01	-1.254363e+00
2.760000e+00	-1.484566e+00	-1.019627e+00	-9.885302e-01	0.000000e+00	-8.326673e-17	8.326673e-17	-1.397486e+00	-3.057990e-01	-1.324620e+00
2.770000e+00	-1.511545e+00	-1.040149e+00	-1.006197e+00	0.000000e+00	0.000000e+00	2.775558e-17	-1.386587e+00	-3.725065e-01	-1.393766e+00
2.780000e+00	-1.537861e+00	-1.060333e+00	-1.023406e+00	1.110223e-16	0.000000e+00	5.551115e-17	-1.376799e+00	-4.382638e-01	-1.461870e+00
2.790000e+00	-1.563505e+00	-1.080171e+00	-1.040150e+00	0.000000e+00	0.000000e+00	2.775558e-17	-1.368130e+00	-5.029746e-01	-1.528996e+00
2.800000e+00	-1.588468e+00	-1.099657e+00	-1.056424e+00	1.110223e-16	0.000000e+00	5.551115e-17	-1.360569e+00	-5.665552e-01	-1.595200e+00
2.810000e+00	-1.612742e+00	-1.118784e+00	-1.072221e+00	0.000000e+00	2.775558e-17	-8.326673e-17	-1.354093e+00	-6.289340e-01	-1.660531e+00
2.820000e+00	-1.636317e+00	-1.137545e+00	-1.087536e+00	0.000000e+00	-5.551115e-17	8.326673e-17	-1.348665e+00	-6.900509e-01	-1.725036e+00
2.830000e+00	-1.659186e+00	-1.155933e+00	-1.102365e+00	-1.110223e-16	-5.551115e-17	-1.665335e-16	-1.344232e+00	-7.498566e-01	-1.788749e+00
2.840000e+00	-1.681342e+00	-1.173943e+00	-1.116702e+00	-2.220446e-16	0.000000e+00	1.942890e-16	-1.340733e+00	-8.083120e-01	-1.851703e+00
2.850000e+00	-1.702777e+00	-1.191567e+00	-1.130542e+00	1.110223e-16	-5.551115e-17	3.053113e-16	-1.338095e+00	-8.653871e-01	-1.913922e+00
2.860000e+00	-1.723484e+00	-1.208800e+00	-1.143882e+00	1.110223e-16	-5.551115e-17	1.387779e-16	-1.336241e+00	-9.210598e-01	-1.975425e+00
2.870000e+00	-1.743458e+00	-1.225636e+00	-1.156718e+00	0.000000e+00	5.551115e-17	1.387779e-16	-1.335084e+00	-9.753150e-01	-2.036225e+00
2.880000e+00	-1.762693e+00	-1.242069e+00	-1.169045e+00	-1.110223e-16	0.000000e+00	2.498002e-16	-1.334535e+00	-1.028143e+00	-2.096333e+00
2.890000e+00	-1.781183e+00	-1.258092e+00	-1.180862e+00	0.000000e+00	0.000000e+00	3.053113e-16	-1.334502e+00	-1.079539e+00	-2.155753e+00
2.900000e+00	-1.798923e+00	-1.273701e+00	-1.192164e+00	0.000000e+00	5.551115e-17	8.326673e-17	-1.334893e+00	-1.129501e+00	-2.214487e+00
2.910000e+00	-1.815908e+00	-1.288890e+00	-1.202949e+00	-2.220446e-16	-5.551115e-17	-5.551115e-17	-1.335616e+00	-1.178028e+00	-2.272533e+00
2.920000e+00	-1.832135e+00	-1.303653e+00	-1.213215e+00	0.000000e+00	0.000000e+00	5.551115e-17	-1.336584e+00	-1.225122e+00	-2.329886e+00
2.930000e+00	-1.847600e+00	-1.317986e+00	-1.222960e+00	2.220446e-16	0.000000e+00	5.551115e-17	-1.337713e+00	-1.270782e+00	-2.386539e+00
2.940000e+00	-1.862299e+00	-1.331883e+00	-1.232181e+00	0.000000e+00	5.551115e-17	1.665335e-16	-1.338923e+00	-1.315008e+00	-2.442479e+00
2.950000e+00	-1.876230e+00	-1.345339e+00	-1.240877e+00	0.000000e+00	1.110223e-16	2.775558e-17	-1.340143e+00	-1.357796e+00	-2.497693e+00
2.960000e+00	-1.889389e+00	-1.358350e+00	-1.249048e+00	-2.220446e-16	0.000000e+00	2.498002e-16	-1.341311e+00	-1.399141e+00	-2.552161e+00
2.970000e+00	-1.901775e+00	-1.370911e+00	-1.256692e+00	2.220446e-16	5.551115e-17	0.000000e+00	-1.342370e+00	-1.439031e+00	-2.605858e+00
2.980000e+00	-1.913387e+00	-1.383017e+00	-1.263808e+00	0.000000e+00	0.000000e+00	5.551115e-17	-1.343275e+00	-1.477455e+00	-2.658754e+00
2.990000e+00	-1.924222e+00	-1.394664e+00	-1.270396e+00	0.000000e+00	-1.110223e-16	0.000000e+00	-1.343990e+00	-1.514391e+00	-2.710807e+00
3.000000e+00	-1.934280e+00	-1.405848e+00	-1.276456e+00	-2.220446e-16	0.000000e+00	2.775558e-16	-1.344489e+00	-1.549818e+00	-2.761968e+00
3.010000e+00	-1.943560e+00	-1.416565e+00	-1.281988e+00	-2.220446e-16	1.110223e-16	8.326673e-17	-1.344755e+00	-1.583707e+00	-2.812175e+00
3.020000e+00	-1.952062e+00	-1.426811e+00	-1.286993e+00	4.440892e-16	0.000000e+00	1.942890e-16	-1.344783e+00	-1.616025e+00	-2.861350e+00
3.030000e+00	-1.959787e+00	-1.436582e+00	-1.291471e+00	0.000000e+00	-5.551115e-17	2.220446e-16	-1.344576e+00	-1.646733e+00	-2.909396e+00
3.040000e+00	-1.966733e+00	-1.445874e+00	-1.295423e+00	2.220446e-16	0.000000e+00	1.942890e-16	-1.344149e+00	-1.675788e+00	-2.956198e+00
3.050000e+00	-1.972904e+00	-1.454684e+00	-1.298851e+00	0.000000e+00	-5.551115e-17	-2.775558e-17	-1.343523e+00	-1.703145e+00	-3.001613e+00
3.060000e+00	-1.978299e+00	-1.463008e+00	-1.301755e+00	4.440892e-16	0.000000e+00	1.387779e-17	-1.342728e+00	-1.728751e+00	-3.045474e+00
3.070000e+00	-1.982920e+00	-1.470844e+00	-1.304137e+00	0.000000e+00	5.551115e-17	-2.775558e-17	-1.341805e+00	-1.752551e+00	-3.087585e+00
3.080000e+00	-1.986770e+00	-1.478187e+00	-1.306000e+00	0.000000e+00	-1.110223e-16	8.326673e-17	-1.340797e+00	-1.774487e+00	-3.127716e+00
3.090000e+00	-1.989849e+00	-1.485036e+00	-1.307346e+00	2.220446e-16	5.551115e-17	-5.551115e-17	-1.339759e+00	-1.794498e+00	-3.165606e+00
3.100000e+00	-1.992161e+00	-1.491386e+00	-1.308176e+00	0.000000e+00	-5.551115e-17	1.249001e-16	-1.338746e+00	-1.812520e+00	-3.200961e+00
3.110000e+00	-1.993709e+00	-1.497235e+00	-1.308493e+00	0.000000e+00	0.000000e+00	1.110223e-16	-1.337821e+00	-1.828490e+00	-3.233456e+00
3.120000e+00	-1.994495e+00	-1.502581e+00	-1.308300e+00	2.220446e-16	-1.110223e-16	-2.359224e-16	-1.337051e+00	-1.842338e+00	-3.262738e+00
3.130000e+00	-1.994522e+00	-1.507421e+00	-1.307600e+00	2.220446e-16	5.551115e-17	1.942890e-16	-1.336505e+00	-1.853999e+00	-3.288431e+00
3.140000e+00	-1.993795e+00	-1.511751e+00	-1.306396e+00	0.000000e+00	5.551115e-17	2.220446e-16	-1.336254e+00	-1.863403e+00	-3.310144e+00
3.150000e+00	-1.992317e+00	-1.515570e+00	-1.304692e+00	-2.220446e-16	-5.551115e-17	5.551115e-17	-1.336372e+00	-1.870483e+00	-3.327482e+00
3.160000e+00	-1.990092e+00	-1.518875e+00	-1.302490e+00	-2.220446e-16	1.110223e-16	0.000000e+00	-1.336931e+00	-1.875171e+00	-3.340056e+00
3.170000e+00	-1.987124e+00	-1.521664e+00	-1.299794e+00	2.220446e-16	0.000000e+00	3.608225e-16	-1.338006e+00	-1.877399e+00	-3.347497e+00
3.180000e+00	-1.983417e+00	-1.523935e+00	-1.296609e+00	-2.220446e-16	-5.551115e-17	-4.163336e-17	-1.339669e+00	-1.877101e+00	-3.349474e+00
3.190000e+00	-1.978978e+00	-1.525684e+00	-1.292937e+00	0.000000e+00	0.000000e+00	2.359224e-16	-1.341990e+00	-1.874213e+00	-3.345704e+00
3.200000e+00	-1.973809e+00	-1.526910e+00	-1.288784e+00	0.000000e+00	-5.551115e-17	1.457168e-16	-1.345037e+00	-1.868673e+00	-3.335971e+00
3.210000e+00	-1.967916e+00	-1.527611e+00	-1.284152e+00	0.000000e+00	0.000000e+00	-5.551115e-17	-1.348874e+00	-1.860421e+00	-3.320136e+00
3.220000e+00	-1.961305e+00	-1.527785e+00	-1.279048e+00	4.440892e-16	-5.551115e-17	-3.469447e-17	-1.353562e+00	-1.849401e+00	-3.298148e+00
3.230000e+00	-1.953980e+00	-1.527428e+00	-1.273474e+00	-2.220446e-16	-1.110223e-16	8.326673e-17	-1.359156e+00	-1.835560e+00	-3.270049e+00
3.240000e+00	-1.945947e+00	-1.526539e+00	-1.267435e+00	0.000000e+00	-5.551115e-17	2.775558e-17	-1.365703e+00	-1.818851e+00	-3.235976e+00
3.250000e+00	-1.937211e+00	-1.525116e+00	-1.260936e+00	2.220446e-16	0.000000e+00	-3.816392e-17	-1.373243e+00	-1.799232e+00	-3.196157e+00
3.260000e+00	-1.927778e+00	-1.523156e+00	-1.253982e+00	0.000000e+00	2.220446e-16	2.359224e-16	-1.381809e+00	-1.776668e+00	-3.150906e+00
3.270000e+00	-1.917654e+00	-1.520657e+00	-1.246577e+00	-2.220446e-16	-1.110223e-16	4.857226e-17	-1.391422e+00	-1.751134e+00	-3.100607e+00
3.280000e+00	-1.906845e+00	-1.517617e+00	-1.238726e+00	4.440892e-16	-5.551115e-17	-2.428613e-17	-1.402090e+00	-1.722614e+00	-3.045700e+00
3.290000e+00	-1.895356e+00	-1.514032e+00	-1.230434e+00	0.000000e+00	-2.775558e-16	1.791102e-16	-1.413807e+00	-1.691108e+00	-2.986665e+00
3.300000e+00	-1.883192e+00	-1.509901e+00	-1.221706e+00	-2.220446e-16	-5.551115e-17	3.460773e-16	-1.426553e+00	-1.656626e+00	-2.924003e+00
3.310000e+00	-1.870361e+00	-1.505220e+00	-1.212546e+00	0.000000e+00	-5.551115e-17	2.203099e-16	-1.440286e+00	-1.619200e+00	-2.858219e+00
3.320000e+00	-1.856867e+00	-1.499988e+00	-1.202960e+00	-2.220446e-16	-1.110223e-16	-4.510281e-17	-1.454946e+00	-1.578882e+00	-2.789800e+00
3.330000e+00	-1.842717e+00	-1.494200e+00	-1.192952e+00	2.220446e-16	1.110223e-16	3.712308e-16	-1.470449e+00	-1.535748e+00	-2.719210e+00
3.340000e+00	-1.827917e+00	-1.487855e+00	-1.182527e+00	2.220446e-16	0.000000e+00	9.714451e-17	-1.486685e+00	-1.489900e+00	-2.646869e+00
3.350000e+00	-1.812472e+00	-1.480948e+00	-1.171691e+00	0.000000e+00	5.551115e-17	4.857226e-17	-1.503516e+00	-1.441473e+00	-2.573147e+00
3.360000e+00	-1.796387e+00	-1.473476e+00	-1.160448e+00	0.000000e+00	-5.551115e-17	2.081668e-16	-1.520774e+00	-1.390634e+00	-2.498359e+00
3.370000e+00	-1.779669e+00	-1.465436e+00	-1.148804e+00	-2.220446e-16	-5.551115e-17	-7.632783e-17	-1.538263e+00	-1.337586e+00	-2.422764e+00
3.380000e+00	-1.762324e+00	-1.456824e+00	-1.136762e+00	0.000000e+00	-1.110223e-16	2.220446e-16	-1.555753e+00	-1.282569e+00	-2.346558e+00
3.390000e+00	-1.744356e+00	-1.447636e+00	-1.124328e+00	0.000000e+00	0.000000e+00	1.249001e-16	-1.572985e+00	-1.225862e+00	-2.269884e+00
3.400000e+00	-1.725772e+00	-1.437868e+00	-1.111507e+00	0.000000e+00	-5.551115e-17	2.359224e-16	-1.589669e+00	-1.167780e+00	-2.192828e+00
3.410000e+00	-1.706575e+00	-1.427515e+00	-1.098302e+00	0.000000e+00	5.551115e-17	1.804112e-16	-1.605492e+00	-1.108675e+00	-2.115434e+00
3.420000e+00	-1.686773e+00	-1.416573e+00	-1.084720e+00	0.000000e+00	0.000000e+00	-8.326673e-17	-1.620116e+00	-1.048928e+00	-2.037701e+00
3.430000e+00	-1.666369e+00	-1.405037e+00	-1.070765e+00	0.000000e+00	-1.110223e-16	-6.938894e-17	-1.633191e+00	-9.889476e-01	-1.959600e+00
3.440000e+00	-1.645368e+00	-1.392901e+00	-1.056440e+00	1.110223e-16	0.000000e+00	-1.804112e-16	-1.644354e+00	-9.291589e-01	-1.881077e+00
3.450000e+00	-1.623776e+00	-1.380161e+00	-1.041751e+00	1.110223e-16	0.000000e+00	6.938894e-17	-1.653243e+00	-8.699990e-01	-1.802062e+00
3.460000e+00	-1.601597e+00	-1.366810e+00	-1.026702e+00	0.000000e+00	0.000000e+00	-4.163336e-17	-1.659502e+00	-8.119059e-01	-1.722484e+00
3.470000e+00	-1.578835e+00	-1.352844e+00	-1.011297e+00	0.000000e+00	0.000000e+00	-5.551115e-17	-1.662791e+00	-7.553088e-01	-1.642274e+00
3.480000e+00	-1.555494e+00	-1.338255e+00	-9.955401e-01	1.110223e-16	2.775558e-17	6.938894e-17	-1.662792e+00	-7.006191e-01	-1.561380e+00
3.490000e+00	-1.531579e+00	-1.323037e+00	-9.794357e-01	0.000000e+00	2.775558e-17	-2.220446e-16	-1.659221e+00	-6.482204e-01	-1.479773e+00
3.500000e+00	-1.507093e+00	-1.307184e+00	-9.629876e-01	-1.110223e-16	2.775558e-17	3.885781e-16	-1.651828e+00	-5.984614e-01	-1.397459e+00
3.510000e+00	-1.482040e+00	-1.290689e+00	-9.461999e-01	1.110223e-16	0.000000e+00	-1.387779e-16	-1.640410e+00	-5.516483e-01	-1.314486e+00
3.520000e+00	-1.456425e+00	-1.273545e+00	-9.290762e-01	0.000000e+00	-2.775558e-17	-1.942890e-16	-1.624806e+00	-5.080399e-01	-1.230954e+00
3.530000e+00	-1.430249e+00	-1.255744e+00	-9.116203e-01	0.000000e+00	-2.775558e-17	-8.326673e-17	-1.604908e+00	-4.678444e-01	-1.147018e+00
3.540000e+00	-1.403517e+00	-1.237280e+00	-8.938358e-01	1.110223e-16	-5.551115e-17	-1.665335e-16	-1.580654e+00	-4.312172e-01	-1.062893e+00
3.550000e+00	-1.376232e+00	-1.218144e+00	-8.757263e-01	1.110223e-16	1.387779e-17	-5.551115e-17	-1.552032e+00	-3.982613e-01	-9.788566e-01
3.560000e+00	-1.348397e+00	-1.198330e+00	-8.572953e-01	1.110223e-16	0.000000e+00	-5.551115e-17	-1.519077e+00	-3.690280e-01	-8.952466e-01
3.570000e+00	-1.320014e+00	-1.177830e+00	-8.385461e-01	1.110223e-16	-4.163336e-17	2.775558e-17	-1.481868e+00	-3.435196e-01	-8.124547e-01
3.580000e+00	-1.291087e+00	-1.156635e+00	-8.194823e-01	0.000000e+00	-4.163336e-17	5.551115e-17	-1.440524e+00	-3.216922e-01	-7.309173e-01
3.590000e+00	-1.261619e+00	-1.134740e+00	-8.001070e-01	2.220446e-16	-1.387779e-17	5.551115e-17	-1.395203e+00	-3.034598e-01	-6.511011e-01
3.600000e+00	-1.231612e+00	-1.112136e+00	-7.804237e-01	0.000000e+00	-4.163336e-17	-1.387779e-16	-1.346095e+00	-2.886977e-01	-5.734855e-01
3.610000e+00	-1.201070e+00	-1.088817e+00	-7.604357e-01	0.000000e+00	-1.387779e-17	-2.775558e-17	-1.293421e+00	-2.772473e-01	-4.985421e-01
3.620000e+00	-1.169996e+00	-1.064776e+00	-7.401463e-01	1.110223e-16	-1.387779e-17	-1.110223e-16	-1.237425e+00	-2.689194e-01	-4.267123e-01
3.630000e+00	-1.138393e+00	-1.040006e+00	-7.195590e-01	-1.110223e-16	-4.163336e-17	-1.387779e-16	-1.178375e+00	-2.634988e-01	-3.583851e-01
3.640000e+00	-1.106264e+00	-1.014504e+00	-6.986772e-01	1.110223e-16	0.000000e+00	-5.551115e-17	-1.116560e+00	-2.607472e-01	-2.938771e-01
3.650000e+00	-1.073613e+00	-9.882628e-01	-6.775045e-01	0.000000e+00	-1.387779e-17	-2.220446e-16	-1.052280e+00	-2.604072e-01	-2.334160e-01
3.660000e+00	-1.040444e+00	-9.612795e-01	-6.560447e-01	-1.110223e-16	-1.387779e-17	-2.775558e-17	-9.858528e-01	-2.622053e-01	-1.771296e-01
3.670000e+00	-1.006762e+00	-9.335510e-01	-6.343017e-01	0.000000e+00	-2.775558e-17	-1.665335e-16	-9.176028e-01	-2.658544e-01	-1.250404e-01
3.680000e+00	-9.725724e-01	-9.050754e-01	-6.122795e-01	0.000000e+00	-1.387779e-17	-1.942890e-16	-8.478640e-01	-2.710570e-01	-7.706834e-02
3.690000e+00	-9.378798e-01	-8.758522e-01	-5.899827e-01	0.000000e+00	1.387779e-17	-1.665335e-16	-7.769757e-01	-2.775075e-01	-3.303794e-02
3.700000e+00	-9.026908e-01	-8.458825e-01	-5.674157e-01	0.000000e+00	-1.387779e-17	-1.387779e-16	-7.052805e-01	-2.848945e-01	7.307888e-03
3.710000e+00	-8.670125e-01	-8.151689e-01	-5.445838e-01	0.000000e+00	1.387779e-17	-1.110223e-16	-6.331223e-01	-2.929034e-01	4.429095e-02
3.720000e+00	-8.308528e-01	-7.837160e-01	-5.214921e-01	0.000000e+00	-2.775558e-17	8.326673e-17	-5.608442e-01	-3.012183e-01	7.827856e-02
3.730000e+00	-7.942205e-01	-7.515302e-01	-4.981467e-01	0.000000e+00	-2.775558e-17	-1.665335e-16	-4.887864e-01	-3.095245e-01	1.096639e-01
3.740000e+00	-7.571256e-01	-7.186205e-01	-4.745537e-01	5.551115e-17	-1.387779e-17	-5.551115e-17	-4.172847e-01	-3.175107e-01	1.388476e-01
3.750000e+00	-7.195790e-01	-6.849979e-01	-4.507199e-01	-5.551115e-17	-4.163336e-17	-5.551115e-17	-3.466679e-01	-3.248711e-01	1.662209e-01
3.760000e+00	-6.815930e-01	-6.506761e-01	-4.266528e-01	0.000000e+00	-2.775558e-17	-5.551115e-17	-2.772562e-01	-3.313077e-01	1.921525e-01
3.770000e+00	-6.431812e-01	-6.156715e-01	-4.023603e-01	0.000000e+00	0.000000e+00	0.000000e+00	-2.093594e-01	-3.365327e-01	2.169779e-01
3.780000e+00	-6.043584e-01	-5.800035e-01	-3.778510e-01	0.000000e+00	1.387779e-17	-5.551115e-17	-1.432744e-01	-3.402704e-01	2.409921e-01
3.790000e+00	-5.651410e-01	-5.436941e-01	-3.531341e-01	0.000000e+00	-1.387779e-17	-1.387779e-17	-7.928411e-02	-3.422600e-01	2.644456e-01
3.800000e+00	-5.255469e-01	-5.067686e-01	-3.282195e-01	5.551115e-17	-1.387779e-17	-9.714451e-17	-1.765485e-02	-3.422571e-01	2.875425e-01
3.810000e+00	-4.855953e-01	-4.692553e-01	-3.031179e-01	5.551115e-17	-2.081668e-17	-2.775558e-17	4.136495e-02	-3.400366e-01	3.104408e-01
3.820000e+00	-4.453071e-01	-4.311857e-01	-2.778407e-01	0.000000e+00	-1.387779e-17	4.163336e-17	9.754668e-02	-3.353939e-01	3.332543e-01
3.830000e+00	-4.047046e-01	-3.925944e-01	-2.523998e-01	0.000000e+00	-1.387779e-17	4.163336e-17	1.506831e-01	-3.281477e-01	3.560555e-01
3.840000e+00	-3.638119e-01	-3.535189e-01	-2.268080e-01	0.000000e+00	-1.387779e-17	0.000000e+00	2.005899e-01	-3.181411e-01	3.788799e-01
3.850000e+00	-3.226541e-01	-3.139999e-01	-2.010786e-01	-2.775558e-17	6.938894e-18	4.163336e-17	2.471071e-01	-3.052439e-01	4.017294e-01
3.860000e+00	-2.812580e-01	-2.740806e-01	-1.752259e-01	-2.775558e-17	-6.938894e-18	-2.775558e-17	2.901001e-01	-2.893531e-01	4.245776e-01
3.870000e+00	-2.396515e-01	-2.338071e-01	-1.492643e-01	2.775558e-17	0.000000e+00	-6.938894e-18	3.294611e-01	-2.703952e-01	4.473735e-01
3.880000e+00	-1.978639e-01	-1.932277e-01	-1.232092e-01	0.000000e+00	-6.938894e-18	-6.938894e-18	3.651098e-01	-2.483264e-01	4.700465e-01
3.890000e+00	-1.559253e-01	-1.523929e-01	-9.707613e-02	1.387779e-17	0.000000e+00	1.387779e-17	3.969942e-01	-2.231335e-01	4.925103e-01
3.900000e+00	-1.138669e-01	-1.113549e-01	-7.088127e-02	1.387779e-17	-3.469447e-18	3.469447e-18	4.250910e-01	-1.948345e-01	5.146672e-01
3.910000e+00	-7.172043e-02	-7.016767e-02	-4.464104e-02	-6.938894e-18	0.000000e+00	-6.938894e-18	4.494063e-01	-1.634786e-01	5.364122e-01
3.920000e+00	-2.951832e-02	-2.888585e-02	-1.837214e-02	0.000000e+00	-3.469447e-18	8.673617e-19	4.699754e-01	-1.291462e-01	5.576364e-01
3.930000e+00	1.270676e-02	1.243497e-02	7.908588e-03	0.000000e+00	-1.734723e-18	-1.301043e-18	4.868631e-01	-9.194806e-02	5.782307e-01
3.940000e+00	5.492194e-02	5.373900e-02	3.418422e-02	0.000000e+00	-4.336809e-19	-8.673617e-18	5.001629e-01	-5.202527e-02	5.980896e-01
3.950000e+00	9.709445e-02	9.497054e-02	6.043788e-02	-6.938894e-18	-8.673617e-19	1.734723e-17	5.099971e-01	-9.547665e-03	6.171136e-01
3.960000e+00	1.391918e-01	1.360744e-01	8.665279e-02	0.000000e+00	3.469447e-18	0.000000e+00	5.165158e-01	3.528719e-02	6.352131e-01
3.970000e+00	1.811818e-01	1.769965e-01	1.128124e-01	1.387779e-17	1.387779e-17	-2.775558e-17	5.198959e-01	8.225562e-02	6.523103e-01
3.980000e+00	2.230332e-01	2.176837e-01	1.389005e-01	0.000000e+00	1.040834e-17	0.000000e+00	5.203403e-01	1.311096e-01	6.683421e-01
3.990000e+00	2.647154e-01	2.580850e-01	1.649011e-01	0.000000e+00	0.000000e+00	-2.081668e-17	5.180762e-01	1.815789e-01	6.832618e-01
4.000000e+00	3.061987e-01	2.981509e-01	1.907990e-01	0.000000e+00	6.938894e-18	-1.387779e-17	5.133538e-01	2.333730e-01	6.970406e-01
4.010000e+00	3.474546e-01	3.378347e-01	2.165792e-01	0.000000e+00	2.081668e-17	0.000000e+00	5.064446e-01	2.861842e-01	7.096687e-01
4.020000e+00	3.884561e-01	3.770918e-01	2.422274e-01	2.775558e-17	-1.387779e-17	1.110223e-16	4.976392e-01	3.396895e-01	7.211558e-01
4.030000e+00	4.291770e-01	4.158806e-01	2.677299e-01	5.551115e-17	1.387779e-17	-8.326673e-17	4.872453e-01	3.935540e-01	7.315304e-01
4.040000e+00	4.695931e-01	4.541622e-01	2.930738e-01	0.000000e+00	-1.387779e-17	6.938894e-17	4.755854e-01	4.474333e-01	7.408393e-01
4.050000e+00	5.096813e-01	4.919009e-01	3.182468e-01	0.000000e+00	2.775558e-17	8.326673e-17	4.629942e-01	5.009774e-01	7.491455e-01
4.060000e+00	5.494202e-01	5.290640e-01	3.432371e-01	1.110223e-16	-1.387779e-17	4.163336e-17	4.498163e-01	5.538327e-01	7.565262e-01
4.070000e+00	5.887898e-01	5.656219e-01	3.680339e-01	0.000000e+00	4.163336e-17	-2.775558e-17	4.364029e-01	6.056462e-01	7.630699e-01
4.080000e+00	6.277717e-01	6.015482e-01	3.926271e-01	0.000000e+00	1.387779e-17	-5.551115e-17	4.231092e-01	6.560682e-01	7.688730e-01
4.090000e+00	6.663490e-01	6.368194e-01	4.170070e-01	-5.551115e-17	-5.551115e-17	5.551115e-17	4.102915e-01	7.047558e-01	7.740363e-01
4.100000e+00	7.045063e-01	6.714151e-01	4.411648e-01	-5.551115e-17	2.775558e-17	2.775558e-17	3.983039e-01	7.513759e-01	7.786610e-01
4.110000e+00	7.422293e-01	7.053179e-01	4.650924e-01	0.000000e+00	-5.551115e-17	-5.551115e-17	3.874954e-01	7.956087e-01	7.828454e-01
4.120000e+00	7.795055e-01	7.385130e-01	4.887821e-01	5.551115e-17	2.775558e-17	1.387779e-16	3.782065e-01	8.371502e-01	7.866808e-01
4.130000e+00	8.163232e-01	7.709882e-01	5.122269e-01	1.110223e-16	-2.775558e-17	1.110223e-16	3.707666e-01	8.757158e-01	7.902488e-01
4.140000e+00	8.526722e-01	8.027338e-01	5.354203e-01	-1.110223e-16	0.000000e+00	0.000000e+00	3.654904e-01	9.110425e-01	7.936185e-01
4.150000e+00	8.885432e-01	8.337424e-01	5.583563e-01	-1.110223e-16	2.775558e-17	-8.326673e-17	3.626756e-01	9.428918e-01	7.968443e-01
4.160000e+00	9.239279e-01	8.640087e-01	5.810294e-01	0.000000e+00	1.665335e-16	-2.775558e-17	3.625996e-01	9.710517e-01	7.999644e-01
4.170000e+00	9.588190e-01	8.935293e-01	6.034344e-01	1.110223e-16	0.000000e+00	8.326673e-17	3.655170e-01	9.953394e-01	8.030000e-01
4.180000e+00	9.932098e-01	9.223026e-01	6.255665e-01	1.110223e-16	0.000000e+00	-2.775558e-17	3.716573e-01	1.015602e+00	8.059554e-01
4.190000e+00	1.027095e+00	9.503284e-01	6.474211e-01	0.000000e+00	8.326673e-17	2.220446e-16	3.812226e-01	1.031720e+00	8.088176e-01
4.200000e+00	1.060468e+00	9.776082e-01	6.689942e-01	-1.110223e-16	8.326673e-17	-1.110223e-16	3.943857e-01	1.043606e+00	8.115580e-01
4.210000e+00	1.093326e+00	1.004144e+00	6.902816e-01	-1.110223e-16	8.326673e-17	1.387779e-16	4.112883e-01	1.051205e+00	8.141332e-01
4.220000e+00	1.125663e+00	1.029940e+00	7.112797e-01	1.110223e-16	5.551115e-17	2.775558e-17	4.320398e-01	1.054501e+00	8.164869e-01
4.230000e+00	1.157476e+00	1.055001e+00	7.319847e-01	0.000000e+00	2.775558e-17	8.326673e-17	4.567163e-01	1.053508e+00	8.185522e-01
4.240000e+00	1.188761e+00	1.079331e+00	7.523931e-01	0.000000e+00	1.110223e-16	-5.551115e-17	4.853595e-01	1.048278e+00	8.202538e-01
4.250000e+00	1.219516e+00	1.102937e+00	7.725015e-01	-1.110223e-16	1.110223e-16	-2.775558e-17	5.179767e-01	1.038893e+00	8.215107e-01
4.260000e+00	1.249736e+00	1.125825e+00	7.923066e-01	0.000000e+00	2.775558e-17	-1.387779e-16	5.545406e-01	1.025472e+00	8.222392e-01
4.270000e+00	1.279419e+00	1.148002e+00	8.118049e-01	0.000000e+00	-2.775558e-17	1.110223e-16	5.949894e-01	1.008162e+00	8.223565e-01
4.280000e+00	1.308562e+00	1.169474e+00	8.309931e-01	-1.110223e-16	2.775558e-17	-1.387779e-16	6.392278e-01	9.871430e-01	8.217840e-01
4.290000e+00	1.337161e+00	1.190250e+00	8.498680e-01	1.110223e-16	2.775558e-17	1.942890e-16	6.871274e-01	9.626224e-01	8.204516e-01
4.300000e+00	1.365215e+00	1.210337e+00	8.684261e-01	-1.110223e-16	-8.326673e-17	2.498002e-16	7.385282e-01	9.348340e-01	8.183022e-01
4.310000e+00	1.392719e+00	1.229742e+00	8.866640e-01	2.220446e-16	1.110223e-16	2.775558e-17	7.932400e-01	9.040361e-01	8.152968e-01
4.320000e+00	1.419672e+00	1.248472e+00	9.045783e-01	1.110223e-16	-8.326673e-17	2.220446e-16	8.510438e-01	8.705089e-01	8.114200e-01
4.330000e+00	1.446069e+00	1.266536e+00	9.221655e-01	1.110223e-16	5.551115e-17	8.326673e-17	9.116943e-01	8.345523e-01	8.066861e-01
4.340000e+00	1.471908e+00	1.283941e+00	9.394219e-01	-1.110223e-16	0.000000e+00	-1.110223e-16	9.749211e-01	7.964831e-01	8.011460e-01
4.350000e+00	1.497186e+00	1.300694e+00	9.563439e-01	-1.110223e-16	-2.775558e-17	2.775558e-17	1.040432e+00	7.566324e-01	7.948939e-01
4.360000e+00	1.521897e+00	1.316802e+00	9.729276e-01	1.110223e-16	-2.775558e-17	1.942890e-16	1.107914e+00	7.153433e-01	7.880741e-01
4.370000e+00	1.546040e+00	1.332271e+00	9.891693e-01	0.000000e+00	5.551115e-17	5.551115e-17	1.177037e+00	6.729677e-01	7.808885e-01
4.380000e+00	1.569610e+00	1.347110e+00	1.005065e+00	-1.110223e-16	-5.551115e-17	1.387779e-17	1.247456e+00	6.298644e-01	7.736018e-01
4.390000e+00	1.592603e+00	1.361324e+00	1.020611e+00	0.000000e+00	-2.775558e-17	-2.775558e-17	1.318812e+00	5.863960e-01	7.665463e-01
4.400000e+00	1.615015e+00	1.374919e+00	1.035802e+00	1.110223e-16	5.551115e-17	9.714451e-17	1.390738e+00	5.429272e-01	7.601237e-01
4.410000e+00	1.636842e+00	1.387901e+00	1.050635e+00	0.000000e+00	0.000000e+00	-2.775558e-16	1.462857e+00	4.998218e-01	7.548037e-01
4.420000e+00	1.658078e+00	1.400277e+00	1.065105e+00	1.110223e-16	0.000000e+00	-9.714451e-17	1.534788e+00	4.574414e-01	7.511183e-01
4.430000e+00	1.678720e+00	1.412051e+00	1.079208e+00	2.220446e-16	0.000000e+00	2.220446e-16	1.606145e+00	4.161427e-01	7.496512e-01
4.440000e+00	1.698763e+00	1.423229e+00	1.092940e+00	0.000000e+00	2.775558e-17	-1.526557e-16	1.676544e+00	3.762764e-01	7.510203e-01
4.450000e+00	1.718201e+00	1.433816e+00	1.106295e+00	0.000000e+00	2.775558e-17	1.804112e-16	1.745599e+00	3.381852e-01	7.558561e-01
4.460000e+00	1.737030e+00	1.443816e+00	1.119269e+00	0.000000e+00	2.775558e-17	4.163336e-17	1.812929e+00	3.022024e-01	7.647731e-01
4.470000e+00	1.755244e+00	1.453235e+00	1.131858e+00	2.220446e-16	2.775558e-17	-8.326673e-17	1.878156e+00	2.686509e-01	7.783391e-01
4.480000e+00	1.772838e+00	1.462076e+00	1.144056e+00	4.440892e-16	0.000000e+00	2.844947e-16	1.940911e+00	2.378416e-01	7.970418e-01
4.490000e+00	1.789806e+00	1.470343e+00	1.155860e+00	-2.220446e-16	-5.551115e-17	6.938894e-17	2.000829e+00	2.100728e-01	8.212574e-01
4.500000e+00	1.806144e+00	1.478041e+00	1.167263e+00	0.000000e+00	-8.326673e-17	5.551115e-17	2.057559e+00	1.856286e-01	8.512231e-01
4.510000e+00	1.821844e+00	1.485172e+00	1.178262e+00	0.000000e+00	-2.775558e-17	-1.804112e-16	2.110759e+00	1.647784e-01	8.870183e-01
4.520000e+00	1.836902e+00	1.491741e+00	1.188851e+00	2.220446e-16	-2.775558e-17	-1.457168e-16	2.160099e+00	1.477756e-01	9.285542e-01
4.530000e+00	1.851312e+00	1.497750e+00	1.199025e+00	0.000000e+00	5.551115e-17	1.318390e-16	2.205267e+00	1.348562e-01	9.755762e-01
4.540000e+00	1.865067e+00	1.503203e+00	1.208780e+00	2.220446e-16	0.000000e+00	-1.075529e-16	2.245963e+00	1.262375e-01	1.027676e+00
4.550000e+00	1.878163e+00	1.508103e+00	1.218110e+00	0.000000e+00	0.000000e+00	2.428613e-17	2.281909e+00	1.221163e-01	1.084316e+00
4.560000e+00	1.890593e+00	1.512453e+00	1.227011e+00	-2.220446e-16	5.551115e-17	-4.076600e-17	2.312847e+00	1.226668e-01	1.144856e+00
4.570000e+00	1.902351e+00	1.516255e+00	1.235477e+00	-2.220446e-16	-2.775558e-17	-2.732189e-17	2.338542e+00	1.280383e-01	1.208592e+00
4.580000e+00	1.913432e+00	1.519511e+00	1.243504e+00	-2.220446e-16	2.775558e-17	-1.908196e-17	2.358788e+00	1.383517e-01	1.274789e+00
4.590000e+00	1.923830e+00	1.522226e+00	1.251087e+00	2.220446e-16	0.000000e+00	2.532696e-16	2.373407e+00	1.536966e-01	1.342717e+00
4.600000e+00	1.933538e+00	1.524400e+00	1.258222e+00	0.000000e+00	0.000000e+00	1.630640e-16	2.382260e+00	1.741273e-01	1.411676e+00
4.610000e+00	1.942552e+00	1.526037e+00	1.264902e+00	0.000000e+00	-2.775558e-17	-8.673617e-17	2.385243e+00	1.996583e-01	1.481027e+00
4.620000e+00	1.950866e+00	1.527138e+00	1.271125e+00	-2.220446e-16	5.551115e-17	1.804112e-16	2.382300e+00	2.302601e-01	1.550201e+00
4.630000e+00	1.958473e+00	1.527706e+00	1.276884e+00	0.000000e+00	0.000000e+00	-1.249001e-16	2.373421e+00	2.658548e-01	1.618717e+00
4.640000e+00	1.965369e+00	1.527744e+00	1.282176e+00	2.220446e-16	8.326673e-17	-1.526557e-16	2.358652e+00	3.063119e-01	1.686184e+00
4.650000e+00	1.971549e+00	1.527253e+00	1.286997e+00	0.000000e+00	5.551115e-17	1.249001e-16	2.338094e+00	3.514446e-01	1.752302e+00
4.660000e+00	1.977007e+00	1.526235e+00	1.291341e+00	2.220446e-16	0.000000e+00	-7.632783e-17	2.311911e+00	4.010077e-01	1.816860e+00
4.670000e+00	1.981737e+00	1.524694e+00	1.295205e+00	0.000000e+00	0.000000e+00	1.457168e-16	2.280329e+00	4.546967e-01	1.879729e+00
4.680000e+00	1.985736e+00	1.522631e+00	1.298584e+00	2.220446e-16	-2.775558e-17	4.163336e-17	2.243633e+00	5.121480e-01	1.940854e+00
4.690000e+00	1.988999e+00	1.520048e+00	1.301475e+00	0.000000e+00	2.775558e-17	4.163336e-17	2.202173e+00	5.729426e-01	2.000245e+00
4.700000e+00	1.991520e+00	1.516948e+00	1.303874e+00	0.000000e+00	5.551115e-17	-2.359224e-16	2.156352e+00	6.366110e-01	2.057969e+00
4.710000e+00	1.993296e+00	1.513333e+00	1.305777e+00	0.000000e+00	-5.551115e-17	-1.387779e-17	2.106624e+00	7.026408e-01	2.114138e+00
4.720000e+00	1.994323e+00	1.509206e+00	1.307181e+00	0.000000e+00	0.000000e+00	-6.938894e-17	2.053481e+00	7.704863e-01	2.168898e+00
4.730000e+00	1.994596e+00	1.504569e+00	1.308082e+00	2.220446e-16	0.000000e+00	-8.326673e-17	1.997450e+00	8.395799e-01	2.222421e+00
4.740000e+00	1.994113e+00	1.499424e+00	1.308477e+00	-2.220446e-16	0.000000e+00	-2.498002e-16	1.939071e+00	9.093442e-01	2.274891e+00
4.750000e+00	1.992869e+00	1.493775e+00	1.308363e+00	0.000000e+00	1.110223e-16	-1.942890e-16	1.878893e+00	9.792048e-01	2.326498e+00
4.760000e+00	1.990861e+00	1.487624e+00	1.307738e+00	0.000000e+00	-5.551115e-17	5.551115e-17	1.817458e+00	1.048603e+00	2.377422e+00
4.770000e+00	1.988088e+00	1.480974e+00	1.306598e+00	0.000000e+00	5.551115e-17	-8.326673e-17	1.755291e+00	1.117007e+00	2.427830e+00
4.780000e+00	1.984545e+00	1.473827e+00	1.304941e+00	2.220446e-16	0.000000e+00	-6.938894e-17	1.692886e+00	1.183920e+00	2.477860e+00
4.790000e+00	1.980232e+00	1.466187e+00	1.302766e+00	0.000000e+00	-5.551115e-17	-2.081668e-16	1.630703e+00	1.248892e+00	2.527614e+00
4.800000e+00	1.975145e+00	1.458057e+00	1.300070e+00	0.000000e+00	5.551115e-17	4.163336e-17	1.569158e+00	1.311518e+00	2.577149e+00
4.810000e+00	1.969283e+00	1.449440e+00	1.296851e+00	2.220446e-16	-5.551115e-17	-8.326673e-17	1.508620e+00	1.371450e+00	2.626469e+00
4.820000e+00	1.962646e+00	1.440339e+00	1.293108e+00	0.000000e+00	5.551115e-17	-2.081668e-16	1.449411e+00	1.428388e+00	2.675517e+00
4.830000e+00	1.955231e+00	1.430758e+00	1.288839e+00	2.220446e-16	5.551115e-17	1.942890e-16	1.391803e+00	1.482086e+00	2.724171e+00
4.840000e+00	1.947039e+00	1.420701e+00	1.284044e+00	0.000000e+00	-1.665335e-16	-2.775558e-16	1.336019e+00	1.532347e+00	2.772234e+00
4.850000e+00	1.938068e+00	1.410172e+00	1.278722e+00	0.000000e+00	5.551115e-17	-1.110223e-16	1.282241e+00	1.579018e+00	2.819439e+00
4.860000e+00	1.928320e+00	1.399173e+00	1.272872e+00	0.000000e+00	-1.110223e-16	2.775558e-17	1.230609e+00	1.621988e+00	2.865444e+00
4.870000e+00	1.917794e+00	1.387710e+00	1.266494e+00	2.220446e-16	-5.551115e-17	-1.665335e-16	1.181224e+00	1.661179e+00	2.909833e+00
4.880000e+00	1.906492e+00	1.375786e+00	1.259588e+00	0.000000e+00	5.551115e-17	-1.110223e-16	1.134157e+00	1.696546e+00	2.952127e+00
4.890000e+00	1.894414e+00	1.363406e+00	1.252155e+00	0.000000e+00	-5.551115e-17	-1.665335e-16	1.089450e+00	1.728069e+00	2.991790e+00
4.900000e+00	1.881562e+00	1.350573e+00	1.244194e+00	0.000000e+00	-5.551115e-17	-1.110223e-16	1.047121e+00	1.755750e+00	3.028243e+00
4.910000e+00	1.867938e+00	1.337294e+00	1.235706e+00	-2.220446e-16	-1.110223e-16	-1.110223e-16	1.007167e+00	1.779606e+00	3.060880e+00
4.920000e+00	1.853544e+00	1.323572e+00	1.226694e+00	0.000000e+00	0.000000e+00	-1.387779e-16	9.695685e-01	1.799672e+00	3.089090e+00
4.930000e+00	1.838384e+00	1.309412e+00	1.217158e+00	2.220446e-16	1.110223e-16	-1.665335e-16	9.342901e-01	1.815992e+00	3.112278e+00
4.940000e+00	1.822460e+00	1.294820e+00	1.207099e+00	0.000000e+00	-1.665335e-16	-1.387779e-16	9.012861e-01	1.828618e+00	3.129891e+00
4.950000e+00	1.805776e+00	1.279799e+00	1.196520e+00	-2.220446e-16	5.551115e-17	8.326673e-17	8.705000e-01	1.837611e+00	3.141437e+00
4.960000e+00	1.788336e+00	1.264357e+00	1.185424e+00	2.220446e-16	-1.110223e-16	5.551115e-17	8.418677e-01	1.843036e+00	3.146512e+00
4.970000e+00	1.770144e+00	1.248498e+00	1.173811e+00	0.000000e+00	-5.551115e-17	-1.110223e-16	8.153177e-01	1.844962e+00	3.144817e+00
4.980000e+00	1.751206e+00	1.232228e+00	1.161687e+00	0.000000e+00	0.000000e+00	5.551115e-17	7.907734e-01	1.843463e+00	3.136167e+00
4.990000e+00	1.731525e+00	1.215552e+00	1.149053e+00	0.000000e+00	-5.551115e-17	-8.326673e-17	7.681532e-01	1.838614e+00	3.120505e+00
5.000000e+00	1.711109e+00	1.198476e+00	1.135914e+00	-1.110223e-16	5.551115e-17	-5.551115e-17	7.473715e-01	1.830494e+00	3.097899e+00


