"DMS_Project"

"Time      "	".A1.Translational_Velocity.X"	".D1.Translational_Velocity.X"	".M1.Translational_Velocity.X"	".O1.Translational_Velocity.X"	".H7.Translational_Velocity.X"	".N5.Translational_Velocity.X"	".C2.Translational_Velocity.X"	".G2.Translational_Velocity.X"	".K3.Translational_Velocity.X"
0.000000e+00	-1.306158e+00	-2.749807e-01	-9.624323e-01	0.000000e+00	1.387779e-17	3.330669e-16	-2.737007e+00	1.694640e+00	-1.306158e+00
1.000000e-02	-1.324810e+00	-2.864616e-01	-9.750504e-01	-1.110223e-16	2.775558e-17	1.110223e-16	-2.760685e+00	1.714670e+00	-1.344301e+00
2.000000e-02	-1.343180e+00	-2.979623e-01	-9.874486e-01	0.000000e+00	0.000000e+00	1.110223e-16	-2.779358e+00	1.730435e+00	-1.379869e+00
3.000000e-02	-1.361248e+00	-3.094701e-01	-9.996139e-01	-2.220446e-16	2.775558e-17	1.110223e-16	-2.792945e+00	1.741763e+00	-1.412804e+00
4.000000e-02	-1.378994e+00	-3.209722e-01	-1.011533e+00	0.000000e+00	2.775558e-17	1.110223e-16	-2.801392e+00	1.748504e+00	-1.443113e+00
5.000000e-02	-1.396399e+00	-3.324553e-01	-1.023192e+00	0.000000e+00	0.000000e+00	1.110223e-16	-2.804666e+00	1.750531e+00	-1.470856e+00
6.000000e-02	-1.413441e+00	-3.439062e-01	-1.034578e+00	0.000000e+00	5.551115e-17	2.220446e-16	-2.802758e+00	1.747738e+00	-1.496128e+00
7.000000e-02	-1.430100e+00	-3.553112e-01	-1.045676e+00	2.220446e-16	5.551115e-17	1.110223e-16	-2.795685e+00	1.740046e+00	-1.519045e+00
8.000000e-02	-1.446354e+00	-3.666564e-01	-1.056473e+00	0.000000e+00	0.000000e+00	2.220446e-16	-2.783486e+00	1.727399e+00	-1.539736e+00
9.000000e-02	-1.462184e+00	-3.779279e-01	-1.066953e+00	0.000000e+00	8.326673e-17	1.110223e-16	-2.766226e+00	1.709771e+00	-1.558331e+00
1.000000e-01	-1.477566e+00	-3.891114e-01	-1.077103e+00	1.110223e-16	2.775558e-17	0.000000e+00	-2.743994e+00	1.687159e+00	-1.574955e+00
1.100000e-01	-1.492478e+00	-4.001923e-01	-1.086908e+00	-1.110223e-16	2.775558e-17	3.330669e-16	-2.716902e+00	1.659588e+00	-1.589726e+00
1.200000e-01	-1.506898e+00	-4.111558e-01	-1.096352e+00	-1.110223e-16	0.000000e+00	2.220446e-16	-2.685084e+00	1.627111e+00	-1.602749e+00
1.300000e-01	-1.520804e+00	-4.219869e-01	-1.105421e+00	0.000000e+00	2.775558e-17	3.330669e-16	-2.648693e+00	1.589807e+00	-1.614120e+00
1.400000e-01	-1.534171e+00	-4.326704e-01	-1.114098e+00	0.000000e+00	2.775558e-17	1.110223e-16	-2.607904e+00	1.547781e+00	-1.623921e+00
1.500000e-01	-1.546976e+00	-4.431906e-01	-1.122367e+00	0.000000e+00	2.775558e-17	1.110223e-16	-2.562907e+00	1.501161e+00	-1.632223e+00
1.600000e-01	-1.559196e+00	-4.535318e-01	-1.130213e+00	1.110223e-16	-2.775558e-17	2.220446e-16	-2.513911e+00	1.450103e+00	-1.639088e+00
1.700000e-01	-1.570804e+00	-4.636779e-01	-1.137619e+00	-1.110223e-16	5.551115e-17	2.220446e-16	-2.461134e+00	1.394783e+00	-1.644570e+00
1.800000e-01	-1.581777e+00	-4.736126e-01	-1.144569e+00	0.000000e+00	2.775558e-17	2.220446e-16	-2.404808e+00	1.335399e+00	-1.648715e+00
1.900000e-01	-1.592089e+00	-4.833191e-01	-1.151044e+00	-1.110223e-16	5.551115e-17	0.000000e+00	-2.345175e+00	1.272168e+00	-1.651567e+00
2.000000e-01	-1.601713e+00	-4.927805e-01	-1.157028e+00	2.220446e-16	0.000000e+00	2.220446e-16	-2.282481e+00	1.205325e+00	-1.653165e+00
2.100000e-01	-1.610623e+00	-5.019795e-01	-1.162502e+00	0.000000e+00	2.775558e-17	3.330669e-16	-2.216979e+00	1.135120e+00	-1.653550e+00
2.200000e-01	-1.618792e+00	-5.108986e-01	-1.167448e+00	0.000000e+00	2.775558e-17	1.110223e-16	-2.148920e+00	1.061817e+00	-1.652763e+00
2.300000e-01	-1.626193e+00	-5.195200e-01	-1.171849e+00	-1.110223e-16	-2.775558e-17	2.220446e-16	-2.078560e+00	9.856923e-01	-1.650847e+00
2.400000e-01	-1.632796e+00	-5.278252e-01	-1.175684e+00	1.110223e-16	5.551115e-17	1.110223e-16	-2.006148e+00	9.070291e-01	-1.647852e+00
2.500000e-01	-1.638573e+00	-5.357959e-01	-1.178934e+00	-1.110223e-16	5.551115e-17	1.110223e-16	-1.931931e+00	8.261190e-01	-1.643830e+00
2.600000e-01	-1.643494e+00	-5.434131e-01	-1.181579e+00	0.000000e+00	5.551115e-17	1.110223e-16	-1.856148e+00	7.432577e-01	-1.638840e+00
2.700000e-01	-1.647529e+00	-5.506576e-01	-1.183600e+00	-1.110223e-16	0.000000e+00	2.220446e-16	-1.779033e+00	6.587440e-01	-1.632947e+00
2.800000e-01	-1.650648e+00	-5.575098e-01	-1.184975e+00	-2.220446e-16	2.775558e-17	2.220446e-16	-1.700807e+00	5.728769e-01	-1.626221e+00
2.900000e-01	-1.652819e+00	-5.639498e-01	-1.185683e+00	1.110223e-16	5.551115e-17	2.220446e-16	-1.621683e+00	4.859543e-01	-1.618736e+00
3.000000e-01	-1.654010e+00	-5.699573e-01	-1.185703e+00	0.000000e+00	5.551115e-17	1.110223e-16	-1.541861e+00	3.982712e-01	-1.610573e+00
3.100000e-01	-1.654188e+00	-5.755117e-01	-1.185012e+00	0.000000e+00	2.775558e-17	1.110223e-16	-1.461531e+00	3.101177e-01	-1.601812e+00
3.200000e-01	-1.653320e+00	-5.805921e-01	-1.183588e+00	-1.110223e-16	2.775558e-17	3.330669e-16	-1.380867e+00	2.217782e-01	-1.592535e+00
3.300000e-01	-1.651372e+00	-5.851771e-01	-1.181409e+00	0.000000e+00	0.000000e+00	2.220446e-16	-1.300034e+00	1.335298e-01	-1.582824e+00
3.400000e-01	-1.648310e+00	-5.892451e-01	-1.178450e+00	0.000000e+00	0.000000e+00	1.110223e-16	-1.219180e+00	4.564127e-02	-1.572755e+00
3.500000e-01	-1.644097e+00	-5.927744e-01	-1.174688e+00	0.000000e+00	2.775558e-17	0.000000e+00	-1.138444e+00	-4.162781e-02	-1.562402e+00
3.600000e-01	-1.638699e+00	-5.957427e-01	-1.170099e+00	0.000000e+00	2.775558e-17	3.330669e-16	-1.057952e+00	-1.280277e-01	-1.551829e+00
3.700000e-01	-1.632080e+00	-5.981276e-01	-1.164658e+00	1.110223e-16	8.326673e-17	1.110223e-16	-9.778155e-01	-2.133189e-01	-1.541092e+00
3.800000e-01	-1.624202e+00	-5.999066e-01	-1.158341e+00	1.110223e-16	0.000000e+00	2.220446e-16	-8.981384e-01	-2.972729e-01	-1.530240e+00
3.900000e-01	-1.615030e+00	-6.010569e-01	-1.151124e+00	0.000000e+00	-2.775558e-17	1.110223e-16	-8.190128e-01	-3.796720e-01	-1.519305e+00
4.000000e-01	-1.604525e+00	-6.015556e-01	-1.142979e+00	1.110223e-16	2.775558e-17	2.220446e-16	-7.405215e-01	-4.603098e-01	-1.508313e+00
4.100000e-01	-1.592651e+00	-6.013798e-01	-1.133884e+00	0.000000e+00	8.326673e-17	3.330669e-16	-6.627388e-01	-5.389909e-01	-1.497274e+00
4.200000e-01	-1.579371e+00	-6.005066e-01	-1.123812e+00	-1.110223e-16	0.000000e+00	1.110223e-16	-5.857315e-01	-6.155310e-01	-1.486188e+00
4.300000e-01	-1.564647e+00	-5.989133e-01	-1.112738e+00	0.000000e+00	-2.775558e-17	2.220446e-16	-5.095599e-01	-6.897565e-01	-1.475046e+00
4.400000e-01	-1.548442e+00	-5.965772e-01	-1.100638e+00	0.000000e+00	0.000000e+00	0.000000e+00	-4.342785e-01	-7.615048e-01	-1.463825e+00
4.500000e-01	-1.530721e+00	-5.934761e-01	-1.087486e+00	0.000000e+00	-5.551115e-17	2.220446e-16	-3.599371e-01	-8.306235e-01	-1.452498e+00
4.600000e-01	-1.511448e+00	-5.895882e-01	-1.073260e+00	-1.110223e-16	0.000000e+00	2.220446e-16	-2.865816e-01	-8.969703e-01	-1.441028e+00
4.700000e-01	-1.490588e+00	-5.848922e-01	-1.057935e+00	-1.110223e-16	2.775558e-17	0.000000e+00	-2.142549e-01	-9.604129e-01	-1.429374e+00
4.800000e-01	-1.468108e+00	-5.793676e-01	-1.041489e+00	0.000000e+00	2.775558e-17	2.220446e-16	-1.429976e-01	-1.020828e+00	-1.417489e+00
4.900000e-01	-1.443977e+00	-5.729946e-01	-1.023900e+00	0.000000e+00	2.775558e-17	1.110223e-16	-7.284918e-02	-1.078103e+00	-1.405327e+00
5.000000e-01	-1.418164e+00	-5.657546e-01	-1.005149e+00	1.110223e-16	2.775558e-17	2.220446e-16	-3.848003e-03	-1.132132e+00	-1.392838e+00
5.100000e-01	-1.390641e+00	-5.576304e-01	-9.852166e-01	-2.220446e-16	5.551115e-17	0.000000e+00	6.396743e-02	-1.182819e+00	-1.379975e+00
5.200000e-01	-1.361385e+00	-5.486059e-01	-9.640862e-01	1.110223e-16	2.775558e-17	1.110223e-16	1.305581e-01	-1.230076e+00	-1.366689e+00
5.300000e-01	-1.330372e+00	-5.386671e-01	-9.417430e-01	0.000000e+00	5.551115e-17	0.000000e+00	1.958837e-01	-1.273824e+00	-1.352936e+00
5.400000e-01	-1.297585e+00	-5.278017e-01	-9.181746e-01	0.000000e+00	0.000000e+00	1.110223e-16	2.599022e-01	-1.313989e+00	-1.338671e+00
5.500000e-01	-1.263009e+00	-5.159996e-01	-8.933714e-01	0.000000e+00	8.326673e-17	2.220446e-16	3.225693e-01	-1.350508e+00	-1.323855e+00
5.600000e-01	-1.226634e+00	-5.032532e-01	-8.673268e-01	1.110223e-16	5.551115e-17	1.110223e-16	3.838377e-01	-1.383323e+00	-1.308445e+00
5.700000e-01	-1.188454e+00	-4.895576e-01	-8.400375e-01	2.220446e-16	2.775558e-17	0.000000e+00	4.436567e-01	-1.412384e+00	-1.292402e+00
5.800000e-01	-1.148471e+00	-4.749110e-01	-8.115040e-01	0.000000e+00	0.000000e+00	1.110223e-16	5.019714e-01	-1.437647e+00	-1.275683e+00
5.900000e-01	-1.106689e+00	-4.593147e-01	-7.817308e-01	-1.110223e-16	5.551115e-17	3.330669e-16	5.587227e-01	-1.459074e+00	-1.258240e+00
6.000000e-01	-1.063122e+00	-4.427737e-01	-7.507267e-01	-1.110223e-16	5.551115e-17	1.110223e-16	6.138461e-01	-1.476636e+00	-1.240018e+00
6.100000e-01	-1.017789e+00	-4.252967e-01	-7.185055e-01	5.551115e-17	-2.775558e-17	0.000000e+00	6.672718e-01	-1.490307e+00	-1.220951e+00
6.200000e-01	-9.707166e-01	-4.068965e-01	-6.850858e-01	0.000000e+00	-2.775558e-17	5.551115e-17	7.189238e-01	-1.500069e+00	-1.200954e+00
6.300000e-01	-9.219397e-01	-3.875901e-01	-6.504916e-01	5.551115e-17	2.775558e-17	5.551115e-17	7.687195e-01	-1.505909e+00	-1.179926e+00
6.400000e-01	-8.715008e-01	-3.673992e-01	-6.147524e-01	5.551115e-17	0.000000e+00	5.551115e-17	8.165695e-01	-1.507818e+00	-1.157737e+00
6.500000e-01	-8.194510e-01	-3.463497e-01	-5.779036e-01	0.000000e+00	0.000000e+00	1.110223e-16	8.623772e-01	-1.505796e+00	-1.134229e+00
6.600000e-01	-7.658500e-01	-3.244728e-01	-5.399865e-01	-5.551115e-17	-2.775558e-17	1.110223e-16	9.060383e-01	-1.499844e+00	-1.109211e+00
6.700000e-01	-7.107661e-01	-3.018040e-01	-5.010482e-01	-5.551115e-17	5.551115e-17	0.000000e+00	9.474411e-01	-1.489970e+00	-1.082453e+00
6.800000e-01	-6.542768e-01	-2.783841e-01	-4.611422e-01	0.000000e+00	0.000000e+00	1.110223e-16	9.864661e-01	-1.476188e+00	-1.053691e+00
6.900000e-01	-5.964680e-01	-2.542584e-01	-4.203277e-01	-5.551115e-17	5.551115e-17	1.110223e-16	1.022986e+00	-1.458514e+00	-1.022621e+00
7.000000e-01	-5.374343e-01	-2.294770e-01	-3.786699e-01	0.000000e+00	0.000000e+00	1.110223e-16	1.056869e+00	-1.436971e+00	-9.889076e-01
7.100000e-01	-4.772786e-01	-2.040947e-01	-3.362396e-01	2.775558e-17	5.551115e-17	5.551115e-17	1.087972e+00	-1.411586e+00	-9.521897e-01
7.200000e-01	-4.161115e-01	-1.781704e-01	-2.931132e-01	0.000000e+00	0.000000e+00	1.110223e-16	1.116152e+00	-1.382392e+00	-9.120898e-01
7.300000e-01	-3.540510e-01	-1.517672e-01	-2.493719e-01	0.000000e+00	0.000000e+00	5.551115e-17	1.141259e+00	-1.349427e+00	-8.682277e-01
7.400000e-01	-2.912216e-01	-1.249515e-01	-2.051013e-01	0.000000e+00	-2.775558e-17	2.775558e-17	1.163140e+00	-1.312735e+00	-8.202358e-01
7.500000e-01	-2.277537e-01	-9.779323e-02	-1.603913e-01	-1.387779e-17	2.775558e-17	2.775558e-17	1.181644e+00	-1.272367e+00	-7.677767e-01
7.600000e-01	-1.637826e-01	-7.036491e-02	-1.153349e-01	0.000000e+00	0.000000e+00	2.081668e-17	1.196621e+00	-1.228384e+00	-7.105612e-01
7.700000e-01	-9.944752e-02	-4.274121e-02	-7.002805e-02	0.000000e+00	-2.775558e-17	6.938894e-18	1.207926e+00	-1.180852e+00	-6.483647e-01
7.800000e-01	-3.489054e-02	-1.499838e-02	-2.456847e-02	3.469447e-18	2.775558e-17	0.000000e+00	1.215423e+00	-1.129850e+00	-5.810433e-01
7.900000e-01	2.974444e-02	1.278632e-02	2.094478e-02	0.000000e+00	0.000000e+00	-5.204170e-18	1.218989e+00	-1.075469e+00	-5.085445e-01
8.000000e-01	9.431291e-02	4.053532e-02	6.641227e-02	-6.938894e-18	2.775558e-17	-6.938894e-18	1.218515e+00	-1.017813e+00	-4.309153e-01
8.100000e-01	1.586709e-01	6.817133e-02	1.117349e-01	1.387779e-17	0.000000e+00	-2.775558e-17	1.213918e+00	-9.570044e-01	-3.483041e-01
8.200000e-01	2.226762e-01	9.561797e-02	1.568148e-01	1.387779e-17	2.775558e-17	-5.551115e-17	1.205137e+00	-8.931815e-01	-2.609587e-01
8.300000e-01	2.861891e-01	1.228004e-01	2.015558e-01	0.000000e+00	1.387779e-17	-5.551115e-17	1.192145e+00	-8.265045e-01	-1.692191e-01
8.400000e-01	3.490742e-01	1.496460e-01	2.458647e-01	0.000000e+00	-1.387779e-17	5.551115e-17	1.174949e+00	-7.571558e-01	-7.350634e-02
8.500000e-01	4.112006e-01	1.760846e-01	2.896514e-01	2.775558e-17	1.387779e-17	-1.110223e-16	1.153599e+00	-6.853428e-01	2.569051e-02
8.600000e-01	4.724432e-01	2.020494e-01	3.328298e-01	2.775558e-17	0.000000e+00	-8.326673e-17	1.128187e+00	-6.112986e-01	1.278300e-01
8.700000e-01	5.326837e-01	2.274770e-01	3.753184e-01	-5.551115e-17	0.000000e+00	0.000000e+00	1.098853e+00	-5.352827e-01	2.323339e-01
8.800000e-01	5.918106e-01	2.523083e-01	4.170403e-01	0.000000e+00	-2.168404e-19	-8.326673e-17	1.065784e+00	-4.575814e-01	3.386020e-01
8.900000e-01	6.497205e-01	2.764881e-01	4.579245e-01	5.551115e-17	-3.469447e-18	-8.326673e-17	1.029218e+00	-3.785060e-01	4.460255e-01
9.000000e-01	7.063182e-01	2.999660e-01	4.979051e-01	0.000000e+00	-1.387779e-17	0.000000e+00	9.894377e-01	-2.983906e-01	5.539985e-01
9.100000e-01	7.615169e-01	3.226961e-01	5.369225e-01	-5.551115e-17	-1.387779e-17	0.000000e+00	9.467690e-01	-2.175887e-01	6.619268e-01
9.200000e-01	8.152386e-01	3.446375e-01	5.749228e-01	-5.551115e-17	-4.163336e-17	-5.551115e-17	9.015753e-01	-1.364683e-01	7.692338e-01
9.300000e-01	8.674143e-01	3.657540e-01	6.118582e-01	0.000000e+00	-5.551115e-17	-5.551115e-17	8.542495e-01	-5.540603e-02	8.753642e-01
9.400000e-01	9.179834e-01	3.860144e-01	6.476871e-01	0.000000e+00	0.000000e+00	0.000000e+00	8.052059e-01	2.521895e-02	9.797857e-01
9.500000e-01	9.668943e-01	4.053920e-01	6.823736e-01	0.000000e+00	2.775558e-17	-1.665335e-16	7.548704e-01	1.050322e-01	1.081989e+00
9.600000e-01	1.014104e+00	4.238651e-01	7.158878e-01	5.551115e-17	-2.775558e-17	-1.665335e-16	7.036703e-01	1.836706e-01	1.181484e+00
9.700000e-01	1.059576e+00	4.414161e-01	7.482052e-01	0.000000e+00	-8.326673e-17	-1.110223e-16	6.520252e-01	2.607891e-01	1.277803e+00
9.800000e-01	1.103285e+00	4.580320e-01	7.793068e-01	0.000000e+00	-5.551115e-17	-5.551115e-17	6.003372e-01	3.360666e-01	1.370493e+00
9.900000e-01	1.145209e+00	4.737038e-01	8.091784e-01	1.110223e-16	0.000000e+00	-1.665335e-16	5.489839e-01	4.092100e-01	1.459116e+00
1.000000e+00	1.185336e+00	4.884261e-01	8.378109e-01	-1.110223e-16	0.000000e+00	-1.110223e-16	4.983119e-01	4.799582e-01	1.543251e+00
1.010000e+00	1.223660e+00	5.021974e-01	8.651993e-01	1.110223e-16	0.000000e+00	0.000000e+00	4.486326e-01	5.480837e-01	1.622492e+00
1.020000e+00	1.260179e+00	5.150192e-01	8.913430e-01	-1.110223e-16	-5.551115e-17	-1.110223e-16	4.002200e-01	6.133935e-01	1.696452e+00
1.030000e+00	1.294898e+00	5.268963e-01	9.162448e-01	-1.110223e-16	0.000000e+00	-5.551115e-17	3.533099e-01	6.757280e-01	1.764770e+00
1.040000e+00	1.327827e+00	5.378360e-01	9.399112e-01	0.000000e+00	-5.551115e-17	-1.110223e-16	3.081009e-01	7.349594e-01	1.827112e+00
1.050000e+00	1.358980e+00	5.478482e-01	9.623516e-01	-1.110223e-16	-1.110223e-16	0.000000e+00	2.647566e-01	7.909889e-01	1.883185e+00
1.060000e+00	1.388375e+00	5.569449e-01	9.835780e-01	2.220446e-16	5.551115e-17	-2.220446e-16	2.234090e-01	8.437439e-01	1.932746e+00
1.070000e+00	1.416035e+00	5.651403e-01	1.003605e+00	0.000000e+00	-1.110223e-16	1.110223e-16	1.841618e-01	8.931737e-01	1.975606e+00
1.080000e+00	1.441983e+00	5.724500e-01	1.022450e+00	0.000000e+00	1.110223e-16	-2.220446e-16	1.470950e-01	9.392462e-01	2.011647e+00
1.090000e+00	1.466247e+00	5.788914e-01	1.040130e+00	-1.110223e-16	-1.110223e-16	-1.110223e-16	1.122691e-01	9.819441e-01	2.040828e+00
1.100000e+00	1.488858e+00	5.844829e-01	1.056666e+00	1.110223e-16	5.551115e-17	-2.220446e-16	7.972868e-02	1.021261e+00	2.063189e+00
1.110000e+00	1.509845e+00	5.892442e-01	1.072080e+00	1.110223e-16	-5.551115e-17	0.000000e+00	4.950635e-02	1.057200e+00	2.078859e+00
1.120000e+00	1.529244e+00	5.931957e-01	1.086393e+00	0.000000e+00	0.000000e+00	-2.220446e-16	2.162613e-02	1.089769e+00	2.088054e+00
1.130000e+00	1.547087e+00	5.963586e-01	1.099629e+00	0.000000e+00	0.000000e+00	-1.110223e-16	-3.893874e-03	1.118978e+00	2.091075e+00
1.140000e+00	1.563411e+00	5.987548e-01	1.111812e+00	0.000000e+00	0.000000e+00	-1.110223e-16	-2.703911e-02	1.144838e+00	2.088299e+00
1.150000e+00	1.578251e+00	6.004064e-01	1.122967e+00	0.000000e+00	5.551115e-17	-2.220446e-16	-4.779674e-02	1.167363e+00	2.080171e+00
1.160000e+00	1.591646e+00	6.013361e-01	1.133118e+00	0.000000e+00	-5.551115e-17	-1.110223e-16	-6.615424e-02	1.186563e+00	2.067190e+00
1.170000e+00	1.603630e+00	6.015666e-01	1.142290e+00	0.000000e+00	0.000000e+00	1.110223e-16	-8.209841e-02	1.202445e+00	2.049892e+00
1.180000e+00	1.614242e+00	6.011208e-01	1.150509e+00	-1.110223e-16	0.000000e+00	-2.220446e-16	-9.561480e-02	1.215017e+00	2.028834e+00
1.190000e+00	1.623520e+00	6.000216e-01	1.157800e+00	0.000000e+00	0.000000e+00	0.000000e+00	-1.066873e-01	1.224281e+00	2.004577e+00
1.200000e+00	1.631499e+00	5.982918e-01	1.164188e+00	1.110223e-16	-5.551115e-17	-3.330669e-16	-1.152983e-01	1.230238e+00	1.977676e+00
1.210000e+00	1.638217e+00	5.959543e-01	1.169697e+00	1.110223e-16	0.000000e+00	-1.110223e-16	-1.214285e-01	1.232887e+00	1.948658e+00
1.220000e+00	1.643711e+00	5.930316e-01	1.174353e+00	-1.110223e-16	-1.110223e-16	-3.330669e-16	-1.250576e-01	1.232225e+00	1.918020e+00
1.230000e+00	1.648017e+00	5.895462e-01	1.178180e+00	-1.110223e-16	-1.110223e-16	-3.330669e-16	-1.261644e-01	1.228247e+00	1.886214e+00
1.240000e+00	1.651170e+00	5.855202e-01	1.181202e+00	0.000000e+00	0.000000e+00	-1.110223e-16	-1.247275e-01	1.220949e+00	1.853648e+00
1.250000e+00	1.653205e+00	5.809756e-01	1.183443e+00	0.000000e+00	-5.551115e-17	-1.110223e-16	-1.207260e-01	1.210327e+00	1.820678e+00
1.260000e+00	1.654158e+00	5.759339e-01	1.184926e+00	-1.110223e-16	-5.551115e-17	-1.110223e-16	-1.141399e-01	1.196376e+00	1.787615e+00
1.270000e+00	1.654062e+00	5.704165e-01	1.185674e+00	-1.110223e-16	0.000000e+00	-4.440892e-16	-1.049510e-01	1.179095e+00	1.754721e+00
1.280000e+00	1.652951e+00	5.644443e-01	1.185710e+00	2.220446e-16	-5.551115e-17	-2.220446e-16	-9.314324e-02	1.158486e+00	1.722215e+00
1.290000e+00	1.650856e+00	5.580380e-01	1.185056e+00	0.000000e+00	0.000000e+00	-1.110223e-16	-7.870369e-02	1.134553e+00	1.690277e+00
1.300000e+00	1.647812e+00	5.512179e-01	1.183734e+00	1.110223e-16	-5.551115e-17	-1.110223e-16	-6.162294e-02	1.107305e+00	1.659055e+00
1.310000e+00	1.643848e+00	5.440039e-01	1.181764e+00	0.000000e+00	-5.551115e-17	-2.220446e-16	-4.189582e-02	1.076758e+00	1.628666e+00
1.320000e+00	1.638996e+00	5.364157e-01	1.179167e+00	1.110223e-16	2.775558e-17	-2.220446e-16	-1.952195e-02	1.042932e+00	1.599204e+00
1.330000e+00	1.633286e+00	5.284725e-01	1.175964e+00	0.000000e+00	2.775558e-17	-1.110223e-16	5.493657e-03	1.005854e+00	1.570744e+00
1.340000e+00	1.626748e+00	5.201932e-01	1.172175e+00	-1.110223e-16	-5.551115e-17	-1.110223e-16	3.314012e-02	9.655623e-01	1.543343e+00
1.350000e+00	1.619410e+00	5.115963e-01	1.167819e+00	-1.110223e-16	-2.775558e-17	-3.330669e-16	6.340014e-02	9.220999e-01	1.517048e+00
1.360000e+00	1.611301e+00	5.027003e-01	1.162915e+00	0.000000e+00	-5.551115e-17	-4.440892e-16	9.624953e-02	8.755211e-01	1.491896e+00
1.370000e+00	1.602449e+00	4.935229e-01	1.157482e+00	0.000000e+00	-5.551115e-17	-1.110223e-16	1.316568e-01	8.258902e-01	1.467916e+00
1.380000e+00	1.592881e+00	4.840817e-01	1.151539e+00	1.110223e-16	2.775558e-17	-1.110223e-16	1.695825e-01	7.732820e-01	1.445132e+00
1.390000e+00	1.582623e+00	4.743941e-01	1.145102e+00	-1.110223e-16	-5.551115e-17	-3.330669e-16	2.099793e-01	7.177826e-01	1.423560e+00
1.400000e+00	1.571702e+00	4.644770e-01	1.138190e+00	0.000000e+00	-5.551115e-17	-1.110223e-16	2.527909e-01	6.594904e-01	1.403216e+00
1.410000e+00	1.560143e+00	4.543472e-01	1.130820e+00	0.000000e+00	-2.775558e-17	-2.220446e-16	2.979523e-01	5.985159e-01	1.384107e+00
1.420000e+00	1.547971e+00	4.440209e-01	1.123008e+00	0.000000e+00	-2.775558e-17	-1.110223e-16	3.453889e-01	5.349825e-01	1.366239e+00
1.430000e+00	1.535212e+00	4.335143e-01	1.114771e+00	0.000000e+00	0.000000e+00	-2.220446e-16	3.950165e-01	4.690267e-01	1.349608e+00
1.440000e+00	1.521888e+00	4.228433e-01	1.106126e+00	0.000000e+00	-2.775558e-17	-1.110223e-16	4.467409e-01	4.007984e-01	1.334210e+00
1.450000e+00	1.508025e+00	4.120234e-01	1.097088e+00	0.000000e+00	0.000000e+00	-1.110223e-16	5.004572e-01	3.304611e-01	1.320028e+00
1.460000e+00	1.493645e+00	4.010698e-01	1.087673e+00	0.000000e+00	-2.775558e-17	-2.220446e-16	5.560502e-01	2.581919e-01	1.307044e+00
1.470000e+00	1.478771e+00	3.899978e-01	1.077897e+00	-1.110223e-16	-5.551115e-17	-3.330669e-16	6.133937e-01	1.841814e-01	1.295225e+00
1.480000e+00	1.463425e+00	3.788219e-01	1.067774e+00	-2.220446e-16	-2.775558e-17	-1.110223e-16	6.723503e-01	1.086335e-01	1.284536e+00
1.490000e+00	1.447631e+00	3.675569e-01	1.057319e+00	1.110223e-16	-2.775558e-17	-2.220446e-16	7.327713e-01	3.176521e-02	1.274928e+00
1.500000e+00	1.431409e+00	3.562170e-01	1.046547e+00	0.000000e+00	-5.551115e-17	-1.110223e-16	7.944969e-01	-4.619399e-02	1.266345e+00
1.510000e+00	1.414782e+00	3.448163e-01	1.035472e+00	-1.110223e-16	2.775558e-17	-2.220446e-16	8.573558e-01	-1.250027e-01	1.258721e+00
1.520000e+00	1.397769e+00	3.333685e-01	1.024109e+00	-1.110223e-16	-2.775558e-17	-2.220446e-16	9.211655e-01	-2.044082e-01	1.251982e+00
1.530000e+00	1.380393e+00	3.218875e-01	1.012471e+00	1.110223e-16	2.775558e-17	-3.330669e-16	9.857326e-01	-2.841478e-01	1.246048e+00
1.540000e+00	1.362673e+00	3.103864e-01	1.000572e+00	-1.110223e-16	-2.775558e-17	-2.220446e-16	1.050853e+00	-3.639495e-01	1.240828e+00
1.550000e+00	1.344630e+00	2.988786e-01	9.884261e-01	0.000000e+00	-8.326673e-17	-1.110223e-16	1.116312e+00	-4.435334e-01	1.236229e+00
1.560000e+00	1.326284e+00	2.873768e-01	9.760459e-01	-1.110223e-16	5.551115e-17	-1.110223e-16	1.181887e+00	-5.226132e-01	1.232152e+00
1.570000e+00	1.307653e+00	2.758939e-01	9.634449e-01	0.000000e+00	-2.775558e-17	-2.220446e-16	1.247343e+00	-6.008976e-01	1.228495e+00
1.580000e+00	1.288758e+00	2.644423e-01	9.506360e-01	0.000000e+00	0.000000e+00	-1.110223e-16	1.312442e+00	-6.780923e-01	1.225158e+00
1.590000e+00	1.269618e+00	2.530342e-01	9.376319e-01	0.000000e+00	-2.775558e-17	0.000000e+00	1.376934e+00	-7.539014e-01	1.222037e+00
1.600000e+00	1.250251e+00	2.416817e-01	9.244453e-01	-1.110223e-16	0.000000e+00	-3.330669e-16	1.440568e+00	-8.280298e-01	1.219032e+00
1.610000e+00	1.230675e+00	2.303966e-01	9.110886e-01	0.000000e+00	-2.775558e-17	-1.110223e-16	1.503086e+00	-9.001848e-01	1.216046e+00
1.620000e+00	1.210909e+00	2.191904e-01	8.975741e-01	1.110223e-16	2.775558e-17	-1.110223e-16	1.564228e+00	-9.700786e-01	1.212984e+00
1.630000e+00	1.190971e+00	2.080745e-01	8.839136e-01	0.000000e+00	2.775558e-17	0.000000e+00	1.623734e+00	-1.037430e+00	1.209757e+00
1.640000e+00	1.170878e+00	1.970600e-01	8.701193e-01	0.000000e+00	-2.775558e-17	1.110223e-16	1.681344e+00	-1.101968e+00	1.206279e+00
1.650000e+00	1.150648e+00	1.861577e-01	8.562026e-01	-5.551115e-17	-2.775558e-17	-1.110223e-16	1.736800e+00	-1.163430e+00	1.202468e+00
1.660000e+00	1.130297e+00	1.753783e-01	8.421752e-01	1.110223e-16	-2.775558e-17	-1.110223e-16	1.789851e+00	-1.221571e+00	1.198245e+00
1.670000e+00	1.109843e+00	1.647320e-01	8.280484e-01	-5.551115e-17	-2.775558e-17	-1.110223e-16	1.840250e+00	-1.276156e+00	1.193535e+00
1.680000e+00	1.089302e+00	1.542290e-01	8.138333e-01	5.551115e-17	2.775558e-17	-1.110223e-16	1.887759e+00	-1.326973e+00	1.188261e+00
1.690000e+00	1.068689e+00	1.438792e-01	7.995409e-01	5.551115e-17	-2.775558e-17	-2.220446e-16	1.932154e+00	-1.373824e+00	1.182348e+00
1.700000e+00	1.048022e+00	1.336920e-01	7.851820e-01	5.551115e-17	0.000000e+00	0.000000e+00	1.973219e+00	-1.416535e+00	1.175715e+00
1.710000e+00	1.027315e+00	1.236768e-01	7.707670e-01	-1.110223e-16	-4.163336e-17	-1.110223e-16	2.010755e+00	-1.454953e+00	1.168277e+00
1.720000e+00	1.006584e+00	1.138426e-01	7.563064e-01	-5.551115e-17	-2.775558e-17	-1.110223e-16	2.044580e+00	-1.488948e+00	1.159941e+00
1.730000e+00	9.858433e-01	1.041982e-01	7.418104e-01	-5.551115e-17	-5.551115e-17	-1.110223e-16	2.074526e+00	-1.518415e+00	1.150602e+00
1.740000e+00	9.651079e-01	9.475198e-02	7.272888e-01	5.551115e-17	-1.387779e-17	-2.220446e-16	2.100449e+00	-1.543274e+00	1.140145e+00
1.750000e+00	9.443920e-01	8.551208e-02	7.127513e-01	5.551115e-17	-2.775558e-17	-2.220446e-16	2.122222e+00	-1.563472e+00	1.128435e+00
1.760000e+00	9.237094e-01	7.648635e-02	6.982076e-01	0.000000e+00	-5.551115e-17	-2.220446e-16	2.139742e+00	-1.578980e+00	1.115325e+00
1.770000e+00	9.030737e-01	6.768232e-02	6.836669e-01	5.551115e-17	1.387779e-17	-2.220446e-16	2.152926e+00	-1.589798e+00	1.100647e+00
1.780000e+00	8.824980e-01	5.910719e-02	6.691381e-01	0.000000e+00	-5.551115e-17	-1.110223e-16	2.161716e+00	-1.595948e+00	1.084215e+00
1.790000e+00	8.619950e-01	5.076783e-02	6.546301e-01	0.000000e+00	-2.775558e-17	-1.110223e-16	2.166077e+00	-1.597482e+00	1.065829e+00
1.800000e+00	8.415772e-01	4.267080e-02	6.401514e-01	-5.551115e-17	-1.387779e-17	-1.110223e-16	2.165996e+00	-1.594475e+00	1.045277e+00
1.810000e+00	8.212566e-01	3.482230e-02	6.257104e-01	5.551115e-17	-1.387779e-17	0.000000e+00	2.161486e+00	-1.587024e+00	1.022342e+00
1.820000e+00	8.010447e-01	2.722818e-02	6.113149e-01	-5.551115e-17	6.938894e-18	-1.110223e-16	2.152582e+00	-1.575254e+00	9.968122e-01
1.830000e+00	7.809527e-01	1.989395e-02	5.969729e-01	5.551115e-17	-3.469447e-17	-1.665335e-16	2.139339e+00	-1.559307e+00	9.684943e-01
1.840000e+00	7.609913e-01	1.282473e-02	5.826916e-01	0.000000e+00	2.775558e-17	-5.551115e-17	2.121838e+00	-1.539347e+00	9.372297e-01
1.850000e+00	7.411708e-01	6.025311e-03	5.684784e-01	-5.551115e-17	-2.081668e-17	-5.551115e-17	2.100178e+00	-1.515558e+00	9.029144e-01
1.860000e+00	7.215010e-01	-4.999248e-04	5.543401e-01	0.000000e+00	-3.469447e-17	-1.110223e-16	2.074476e+00	-1.488140e+00	8.655202e-01
1.870000e+00	7.019912e-01	-6.746961e-03	5.402833e-01	5.551115e-17	6.938894e-18	-1.110223e-16	2.044870e+00	-1.457307e+00	8.251165e-01
1.880000e+00	6.826503e-01	-1.271217e-02	5.263143e-01	2.775558e-17	-6.938894e-18	-5.551115e-17	2.011513e+00	-1.423290e+00	7.818900e-01
1.890000e+00	6.634868e-01	-1.839232e-02	5.124390e-01	2.775558e-17	-2.081668e-17	-5.551115e-17	1.974572e+00	-1.386327e+00	7.361587e-01
1.900000e+00	6.445085e-01	-2.378458e-02	4.986632e-01	0.000000e+00	-6.938894e-18	-5.551115e-17	1.934227e+00	-1.346671e+00	6.883789e-01
1.910000e+00	6.257229e-01	-2.888651e-02	4.849920e-01	-2.775558e-17	-6.938894e-18	-1.110223e-16	1.890671e+00	-1.304578e+00	6.391412e-01
1.920000e+00	6.071368e-01	-3.369608e-02	4.714306e-01	2.775558e-17	-1.214306e-17	-1.665335e-16	1.844104e+00	-1.260314e+00	5.891544e-01
1.930000e+00	5.887566e-01	-3.821170e-02	4.579836e-01	0.000000e+00	-5.204170e-18	-1.665335e-16	1.794734e+00	-1.214147e+00	5.392170e-01
1.940000e+00	5.705881e-01	-4.243217e-02	4.446553e-01	0.000000e+00	-4.336809e-18	-1.110223e-16	1.742773e+00	-1.166348e+00	4.901782e-01
1.950000e+00	5.526368e-01	-4.635670e-02	4.314496e-01	0.000000e+00	0.000000e+00	0.000000e+00	1.688437e+00	-1.117189e+00	4.428916e-01
1.960000e+00	5.349072e-01	-4.998495e-02	4.183702e-01	0.000000e+00	-6.505213e-19	-1.110223e-16	1.631944e+00	-1.066943e+00	3.981657e-01
1.970000e+00	5.174038e-01	-5.331698e-02	4.054203e-01	0.000000e+00	-8.673617e-19	-1.665335e-16	1.573511e+00	-1.015879e+00	3.567177e-01
1.980000e+00	5.001301e-01	-5.635331e-02	3.926029e-01	2.775558e-17	-3.469447e-18	-1.110223e-16	1.513351e+00	-9.642645e-01	3.191337e-01
1.990000e+00	4.830892e-01	-5.909485e-02	3.799204e-01	0.000000e+00	8.673617e-18	-1.110223e-16	1.451676e+00	-9.123615e-01	2.858414e-01
2.000000e+00	4.662838e-01	-6.154296e-02	3.673751e-01	0.000000e+00	0.000000e+00	-1.110223e-16	1.388690e+00	-8.604270e-01	2.570944e-01
2.010000e+00	4.497158e-01	-6.369943e-02	3.549687e-01	-2.775558e-17	6.938894e-18	-5.551115e-17	1.324592e+00	-8.087113e-01	2.329719e-01
2.020000e+00	4.333867e-01	-6.556647e-02	3.427027e-01	0.000000e+00	-1.040834e-17	0.000000e+00	1.259572e+00	-7.574571e-01	2.133888e-01
2.030000e+00	4.172973e-01	-6.714672e-02	3.305781e-01	0.000000e+00	-3.469447e-18	-1.110223e-16	1.193811e+00	-7.068982e-01	1.981169e-01
2.040000e+00	4.014480e-01	-6.844325e-02	3.185957e-01	0.000000e+00	1.387779e-17	0.000000e+00	1.127481e+00	-6.572584e-01	1.868114e-01
2.050000e+00	3.858385e-01	-6.945955e-02	3.067557e-01	0.000000e+00	1.734723e-17	-5.551115e-17	1.060745e+00	-6.087501e-01	1.790411e-01
2.060000e+00	3.704680e-01	-7.019953e-02	2.950581e-01	-2.775558e-17	0.000000e+00	-5.551115e-17	9.937516e-01	-5.615724e-01	1.743198e-01
2.070000e+00	3.553351e-01	-7.066750e-02	2.835026e-01	-1.387779e-17	6.938894e-18	0.000000e+00	9.266427e-01	-5.159094e-01	1.721343e-01
2.080000e+00	3.404379e-01	-7.086823e-02	2.720883e-01	0.000000e+00	6.938894e-18	1.110223e-16	8.595476e-01	-4.719278e-01	1.719705e-01
2.090000e+00	3.257739e-01	-7.080684e-02	2.608141e-01	1.387779e-17	2.081668e-17	-1.110223e-16	7.925858e-01	-4.297736e-01	1.733346e-01
2.100000e+00	3.113402e-01	-7.048888e-02	2.496785e-01	0.000000e+00	6.938894e-18	0.000000e+00	7.258669e-01	-3.895693e-01	1.757704e-01
2.110000e+00	2.971331e-01	-6.992029e-02	2.386798e-01	-2.775558e-17	3.469447e-18	-8.326673e-17	6.594909e-01	-3.514094e-01	1.788716e-01
2.120000e+00	2.831486e-01	-6.910740e-02	2.278156e-01	0.000000e+00	3.469447e-18	-8.326673e-17	5.935495e-01	-3.153569e-01	1.822909e-01
2.130000e+00	2.693822e-01	-6.805691e-02	2.170835e-01	4.163336e-17	1.040834e-17	-1.110223e-16	5.281258e-01	-2.814387e-01	1.857449e-01
2.140000e+00	2.558286e-01	-6.677590e-02	2.064806e-01	-2.775558e-17	6.938894e-18	-2.775558e-17	4.632953e-01	-2.496414e-01	1.890166e-01
2.150000e+00	2.424824e-01	-6.527179e-02	1.960038e-01	0.000000e+00	6.938894e-18	-2.775558e-17	3.991262e-01	-2.199081e-01	1.919546e-01
2.160000e+00	2.293374e-01	-6.355238e-02	1.856495e-01	1.387779e-17	4.336809e-18	-2.775558e-17	3.356789e-01	-1.921358e-01	1.944701e-01
2.170000e+00	2.163872e-01	-6.162578e-02	1.754139e-01	-6.938894e-18	0.000000e+00	-2.775558e-17	2.730061e-01	-1.661752e-01	1.965317e-01
2.180000e+00	2.036247e-01	-5.950045e-02	1.652929e-01	0.000000e+00	-2.602085e-18	0.000000e+00	2.111524e-01	-1.418313e-01	1.981580e-01
2.190000e+00	1.910426e-01	-5.718515e-02	1.552821e-01	0.000000e+00	-1.734723e-18	0.000000e+00	1.501528e-01	-1.188680e-01	1.994084e-01
2.200000e+00	1.786329e-01	-5.468896e-02	1.453769e-01	6.938894e-18	-1.040834e-17	-2.775558e-17	9.003277e-02	-9.701370e-02	2.003727e-01
2.210000e+00	1.663874e-01	-5.202122e-02	1.355723e-01	0.000000e+00	-1.040834e-17	-2.775558e-17	3.080675e-02	-7.597051e-02	2.011586e-01
2.220000e+00	1.542975e-01	-4.919157e-02	1.258631e-01	0.000000e+00	1.387779e-17	-2.775558e-17	-2.752204e-02	-5.542398e-02	2.018797e-01
2.230000e+00	1.423543e-01	-4.620991e-02	1.162438e-01	0.000000e+00	2.081668e-17	-2.775558e-17	-8.496173e-02	-3.505463e-02	2.026426e-01
2.240000e+00	1.305483e-01	-4.308637e-02	1.067089e-01	-6.938894e-18	-1.387779e-17	0.000000e+00	-1.415313e-01	-1.454928e-02	2.035347e-01
2.250000e+00	1.188700e-01	-3.983132e-02	9.725249e-02	0.000000e+00	-2.081668e-17	-4.163336e-17	-1.972594e-01	6.388358e-03	2.046133e-01
2.260000e+00	1.073094e-01	-3.645533e-02	8.786842e-02	0.000000e+00	-6.938894e-18	-2.775558e-17	-2.521826e-01	2.802869e-02	2.058961e-01
2.270000e+00	9.585618e-02	-3.296919e-02	7.855049e-02	0.000000e+00	-4.857226e-17	-1.387779e-17	-3.063430e-01	5.060920e-02	2.073532e-01
2.280000e+00	8.449999e-02	-2.938385e-02	6.929229e-02	-6.938894e-18	-4.857226e-17	0.000000e+00	-3.597857e-01	7.432974e-02	2.089020e-01
2.290000e+00	7.323009e-02	-2.571042e-02	6.008725e-02	-6.938894e-18	-1.387779e-17	-6.938894e-18	-4.125556e-01	9.935005e-02	2.104034e-01
2.300000e+00	6.203556e-02	-2.196018e-02	5.092867e-02	3.469447e-18	-1.387779e-17	0.000000e+00	-4.646950e-01	1.257893e-01	2.116604e-01
2.310000e+00	5.090534e-02	-1.814449e-02	4.180974e-02	1.734723e-18	-2.775558e-17	-1.387779e-17	-5.162403e-01	1.537270e-01	2.124193e-01
2.320000e+00	3.982820e-02	-1.427486e-02	3.272355e-02	-1.734723e-18	-1.387779e-17	-6.938894e-18	-5.672198e-01	1.832055e-01	2.123730e-01
2.330000e+00	2.879277e-02	-1.036288e-02	2.366309e-02	-1.734723e-18	0.000000e+00	0.000000e+00	-6.176517e-01	2.142327e-01	2.111668e-01
2.340000e+00	1.778761e-02	-6.420177e-03	1.462130e-02	8.673617e-19	-4.163336e-17	-1.734723e-18	-6.675424e-01	2.467856e-01	2.084068e-01
2.350000e+00	6.801190e-03	-2.458471e-03	5.591084e-03	-2.168404e-19	-1.387779e-17	-8.673617e-19	-7.168848e-01	2.808132e-01	2.036724e-01
2.360000e+00	-4.178053e-03	1.510510e-03	-3.434706e-03	2.168404e-19	-2.775558e-17	1.301043e-18	-7.656582e-01	3.162402e-01	1.965302e-01
2.370000e+00	-1.516170e-02	5.475022e-03	-1.246322e-02	8.673617e-19	6.938894e-18	0.000000e+00	-8.138271e-01	3.529698e-01	1.865532e-01
2.380000e+00	-2.616134e-02	9.423326e-03	-2.150159e-02	0.000000e+00	4.163336e-17	6.938894e-18	-8.613415e-01	3.908859e-01	1.733414e-01
2.390000e+00	-3.718849e-02	1.334371e-02	-3.055694e-02	0.000000e+00	-4.857226e-17	1.040834e-17	-9.081371e-01	4.298559e-01	1.565456e-01
2.400000e+00	-4.825463e-02	1.722452e-02	-3.963635e-02	0.000000e+00	6.938894e-18	6.938894e-18	-9.541355e-01	4.697325e-01	1.358925e-01
2.410000e+00	-5.937115e-02	2.105413e-02	-4.874683e-02	3.469447e-18	-6.938894e-18	6.938894e-18	-9.992447e-01	5.103553e-01	1.112093e-01
2.420000e+00	-7.054930e-02	2.482105e-02	-5.789531e-02	0.000000e+00	-4.163336e-17	-6.938894e-18	-1.043361e+00	5.515523e-01	8.244569e-02
2.430000e+00	-8.180020e-02	2.851386e-02	-6.708864e-02	0.000000e+00	-6.938894e-18	1.387779e-17	-1.086368e+00	5.931411e-01	4.969153e-02
2.440000e+00	-9.313479e-02	3.212126e-02	-7.633354e-02	3.469447e-18	6.938894e-18	2.775558e-17	-1.128140e+00	6.349305e-01	1.318710e-02
2.450000e+00	-1.045638e-01	3.563210e-02	-8.563661e-02	0.000000e+00	-6.938894e-18	2.775558e-17	-1.168541e+00	6.767213e-01	-2.667606e-02
2.460000e+00	-1.160979e-01	3.903539e-02	-9.500430e-02	6.938894e-18	-1.040834e-17	1.387779e-17	-1.207430e+00	7.183074e-01	-6.936475e-02
2.470000e+00	-1.277472e-01	4.232031e-02	-1.044429e-01	0.000000e+00	-6.938894e-18	2.775558e-17	-1.244657e+00	7.594774e-01	-1.142247e-01
2.480000e+00	-1.395218e-01	4.547622e-02	-1.139585e-01	0.000000e+00	-3.122502e-17	4.163336e-17	-1.280070e+00	8.000150e-01	-1.605112e-01
2.490000e+00	-1.514313e-01	4.849270e-02	-1.235571e-01	0.000000e+00	-8.673617e-18	2.775558e-17	-1.313510e+00	8.397010e-01	-2.074265e-01
2.500000e+00	-1.634853e-01	5.135957e-02	-1.332443e-01	0.000000e+00	-3.469447e-18	5.551115e-17	-1.344821e+00	8.783141e-01	-2.541624e-01
2.510000e+00	-1.756928e-01	5.406688e-02	-1.430257e-01	0.000000e+00	3.469447e-18	5.551115e-17	-1.373846e+00	9.156323e-01	-2.999412e-01
2.520000e+00	-1.880625e-01	5.660492e-02	-1.529064e-01	0.000000e+00	-6.071532e-18	0.000000e+00	-1.400428e+00	9.514346e-01	-3.440541e-01
2.530000e+00	-2.006028e-01	5.896427e-02	-1.628915e-01	6.938894e-18	4.336809e-19	5.551115e-17	-1.424418e+00	9.855020e-01	-3.858909e-01
2.540000e+00	-2.133215e-01	6.113579e-02	-1.729857e-01	0.000000e+00	8.673617e-19	8.326673e-17	-1.445668e+00	1.017619e+00	-4.249609e-01
2.550000e+00	-2.262262e-01	6.311064e-02	-1.831936e-01	-1.387779e-17	8.673617e-19	2.775558e-17	-1.464040e+00	1.047577e+00	-4.609027e-01
2.560000e+00	-2.393240e-01	6.488030e-02	-1.935192e-01	0.000000e+00	-2.602085e-18	5.551115e-17	-1.479404e+00	1.075172e+00	-4.934847e-01
2.570000e+00	-2.526216e-01	6.643656e-02	-2.039664e-01	-1.387779e-17	3.469447e-18	-2.775558e-17	-1.491642e+00	1.100211e+00	-5.225960e-01
2.580000e+00	-2.661251e-01	6.777156e-02	-2.145389e-01	1.387779e-17	-5.204170e-18	2.775558e-17	-1.500645e+00	1.122508e+00	-5.482328e-01
2.590000e+00	-2.798402e-01	6.887778e-02	-2.252398e-01	0.000000e+00	6.938894e-18	8.326673e-17	-1.506319e+00	1.141891e+00	-5.704791e-01
2.600000e+00	-2.937722e-01	6.974806e-02	-2.360722e-01	-1.387779e-17	1.561251e-17	5.551115e-17	-1.508586e+00	1.158202e+00	-5.894875e-01
2.610000e+00	-3.079257e-01	7.037560e-02	-2.470386e-01	0.000000e+00	1.734723e-18	5.551115e-17	-1.507381e+00	1.171296e+00	-6.054591e-01
2.620000e+00	-3.223049e-01	7.075399e-02	-2.581413e-01	0.000000e+00	-2.081668e-17	5.551115e-17	-1.502659e+00	1.181044e+00	-6.186267e-01
2.630000e+00	-3.369136e-01	7.087719e-02	-2.693822e-01	2.775558e-17	2.428613e-17	5.551115e-17	-1.494390e+00	1.187335e+00	-6.292389e-01
2.640000e+00	-3.517548e-01	7.073957e-02	-2.807629e-01	0.000000e+00	1.387779e-17	0.000000e+00	-1.482563e+00	1.190077e+00	-6.375487e-01
2.650000e+00	-3.668312e-01	7.033588e-02	-2.922846e-01	1.387779e-17	6.938894e-18	0.000000e+00	-1.467187e+00	1.189196e+00	-6.438041e-01
2.660000e+00	-3.821448e-01	6.966129e-02	-3.039482e-01	-1.387779e-17	0.000000e+00	1.110223e-16	-1.448291e+00	1.184641e+00	-6.482423e-01
2.670000e+00	-3.976972e-01	6.871138e-02	-3.157542e-01	-2.775558e-17	3.469447e-18	5.551115e-17	-1.425922e+00	1.176380e+00	-6.510855e-01
2.680000e+00	-4.134891e-01	6.748213e-02	-3.277026e-01	0.000000e+00	1.040834e-17	5.551115e-17	-1.400145e+00	1.164403e+00	-6.525392e-01
2.690000e+00	-4.295212e-01	6.596996e-02	-3.397932e-01	2.775558e-17	-1.040834e-17	5.551115e-17	-1.371049e+00	1.148722e+00	-6.527918e-01
2.700000e+00	-4.457931e-01	6.417169e-02	-3.520256e-01	2.775558e-17	0.000000e+00	-5.551115e-17	-1.338738e+00	1.129371e+00	-6.520154e-01
2.710000e+00	-4.623041e-01	6.208458e-02	-3.643985e-01	0.000000e+00	6.938894e-18	1.110223e-16	-1.303335e+00	1.106408e+00	-6.503674e-01
2.720000e+00	-4.790530e-01	5.970632e-02	-3.769108e-01	0.000000e+00	6.938894e-18	1.110223e-16	-1.264982e+00	1.079909e+00	-6.479923e-01
2.730000e+00	-4.960378e-01	5.703501e-02	-3.895607e-01	-5.551115e-17	1.387779e-17	1.110223e-16	-1.223836e+00	1.049974e+00	-6.450240e-01
2.740000e+00	-5.132561e-01	5.406921e-02	-4.023461e-01	-5.551115e-17	2.081668e-17	5.551115e-17	-1.180071e+00	1.016721e+00	-6.415880e-01
2.750000e+00	-5.307050e-01	5.080788e-02	-4.152646e-01	2.775558e-17	2.775558e-17	0.000000e+00	-1.133873e+00	9.802906e-01	-6.378035e-01
2.760000e+00	-5.483809e-01	4.725042e-02	-4.283134e-01	-5.551115e-17	4.163336e-17	0.000000e+00	-1.085444e+00	9.408390e-01	-6.337854e-01
2.770000e+00	-5.662797e-01	4.339665e-02	-4.414892e-01	0.000000e+00	5.551115e-17	0.000000e+00	-1.034996e+00	8.985405e-01	-6.296460e-01
2.780000e+00	-5.843967e-01	3.924683e-02	-4.547886e-01	-5.551115e-17	-1.387779e-17	1.665335e-16	-9.827495e-01	8.535850e-01	-6.254963e-01
2.790000e+00	-6.027268e-01	3.480163e-02	-4.682076e-01	2.775558e-17	2.775558e-17	5.551115e-17	-9.289363e-01	8.061761e-01	-6.214472e-01
2.800000e+00	-6.212643e-01	3.006215e-02	-4.817421e-01	2.775558e-17	6.938894e-17	1.110223e-16	-8.737932e-01	7.565301e-01	-6.176100e-01
2.810000e+00	-6.400029e-01	2.502989e-02	-4.953875e-01	5.551115e-17	-2.775558e-17	1.110223e-16	-8.175627e-01	7.048733e-01	-6.140968e-01
2.820000e+00	-6.589358e-01	1.970679e-02	-5.091388e-01	0.000000e+00	4.163336e-17	0.000000e+00	-7.604905e-01	6.514409e-01	-6.110208e-01
2.830000e+00	-6.780558e-01	1.409518e-02	-5.229908e-01	2.775558e-17	-1.387779e-17	2.220446e-16	-7.028244e-01	5.964747e-01	-6.084960e-01
2.840000e+00	-6.973550e-01	8.197787e-03	-5.369379e-01	1.110223e-16	2.775558e-17	5.551115e-17	-6.448122e-01	5.402211e-01	-6.066367e-01
2.850000e+00	-7.168252e-01	2.017764e-03	-5.509743e-01	0.000000e+00	6.938894e-17	1.665335e-16	-5.867005e-01	4.829294e-01	-6.055567e-01
2.860000e+00	-7.364576e-01	-4.441361e-03	-5.650938e-01	0.000000e+00	-4.163336e-17	1.110223e-16	-5.287333e-01	4.248498e-01	-6.053692e-01
2.870000e+00	-7.562431e-01	-1.117567e-02	-5.792897e-01	-5.551115e-17	-1.387779e-17	2.220446e-16	-4.711502e-01	3.662314e-01	-6.061854e-01
2.880000e+00	-7.761717e-01	-1.818085e-02	-5.935553e-01	0.000000e+00	1.387779e-17	5.551115e-17	-4.141855e-01	3.073206e-01	-6.081141e-01
2.890000e+00	-7.962335e-01	-2.545222e-02	-6.078835e-01	0.000000e+00	5.551115e-17	5.551115e-17	-3.580668e-01	2.483595e-01	-6.112607e-01
2.900000e+00	-8.164177e-01	-3.298474e-02	-6.222669e-01	0.000000e+00	1.387779e-17	1.110223e-16	-3.030143e-01	1.895840e-01	-6.157267e-01
2.910000e+00	-8.367134e-01	-4.077299e-02	-6.366978e-01	0.000000e+00	6.938894e-17	2.775558e-16	-2.492390e-01	1.312226e-01	-6.216092e-01
2.920000e+00	-8.571090e-01	-4.881120e-02	-6.511682e-01	0.000000e+00	-1.387779e-17	1.110223e-16	-1.969429e-01	7.349519e-02	-6.290005e-01
2.930000e+00	-8.775928e-01	-5.709324e-02	-6.656699e-01	5.551115e-17	1.387779e-17	3.330669e-16	-1.463175e-01	1.661162e-02	-6.379880e-01
2.940000e+00	-8.981522e-01	-6.561266e-02	-6.801945e-01	0.000000e+00	2.775558e-17	1.110223e-16	-9.754362e-02	-3.922913e-02	-6.486538e-01
2.950000e+00	-9.187748e-01	-7.436265e-02	-6.947333e-01	0.000000e+00	0.000000e+00	1.110223e-16	-5.079060e-02	-9.383982e-02	-6.610757e-01
2.960000e+00	-9.394475e-01	-8.333609e-02	-7.092771e-01	0.000000e+00	4.163336e-17	0.000000e+00	-6.216177e-03	-1.470456e-01	-6.753264e-01
2.970000e+00	-9.601567e-01	-9.252553e-02	-7.238169e-01	0.000000e+00	2.775558e-17	2.220446e-16	3.603388e-02	-1.986847e-01	-6.914746e-01
2.980000e+00	-9.808887e-01	-1.019232e-01	-7.383431e-01	5.551115e-17	-1.387779e-17	1.110223e-16	7.582596e-02	-2.486086e-01	-7.095852e-01
2.990000e+00	-1.001629e+00	-1.115210e-01	-7.528462e-01	-5.551115e-17	0.000000e+00	1.110223e-16	1.130386e-01	-2.966822e-01	-7.297195e-01
3.000000e+00	-1.022364e+00	-1.213106e-01	-7.673162e-01	-1.110223e-16	5.551115e-17	0.000000e+00	1.475626e-01	-3.427843e-01	-7.519354e-01
3.010000e+00	-1.043078e+00	-1.312834e-01	-7.817430e-01	1.110223e-16	4.163336e-17	0.000000e+00	1.793007e-01	-3.868070e-01	-7.762876e-01
3.020000e+00	-1.063756e+00	-1.414303e-01	-7.961162e-01	-1.110223e-16	2.775558e-17	1.110223e-16	2.081675e-01	-4.286558e-01	-8.028270e-01
3.030000e+00	-1.084383e+00	-1.517422e-01	-8.104255e-01	5.551115e-17	2.775558e-17	0.000000e+00	2.340892e-01	-4.682493e-01	-8.316004e-01
3.040000e+00	-1.104943e+00	-1.622095e-01	-8.246601e-01	1.665335e-16	8.326673e-17	2.220446e-16	2.570029e-01	-5.055188e-01	-8.626489e-01
3.050000e+00	-1.125419e+00	-1.728224e-01	-8.388090e-01	0.000000e+00	0.000000e+00	1.110223e-16	2.768568e-01	-5.404074e-01	-8.960061e-01
3.060000e+00	-1.145796e+00	-1.835710e-01	-8.528611e-01	-5.551115e-17	-2.775558e-17	2.220446e-16	2.936091e-01	-5.728698e-01	-9.316962e-01
3.070000e+00	-1.166057e+00	-1.944449e-01	-8.668053e-01	5.551115e-17	2.775558e-17	0.000000e+00	3.072276e-01	-6.028715e-01	-9.697299e-01
3.080000e+00	-1.186184e+00	-2.054336e-01	-8.806299e-01	0.000000e+00	2.775558e-17	1.110223e-16	3.176893e-01	-6.303878e-01	-1.010101e+00
3.090000e+00	-1.206161e+00	-2.165262e-01	-8.943234e-01	1.110223e-16	2.775558e-17	1.110223e-16	3.249795e-01	-6.554032e-01	-1.052782e+00
3.100000e+00	-1.225970e+00	-2.277119e-01	-9.078739e-01	0.000000e+00	0.000000e+00	1.110223e-16	3.290910e-01	-6.779102e-01	-1.097717e+00
3.110000e+00	-1.245592e+00	-2.389791e-01	-9.212695e-01	1.110223e-16	2.775558e-17	0.000000e+00	3.300234e-01	-6.979088e-01	-1.144820e+00
3.120000e+00	-1.265011e+00	-2.503166e-01	-9.344978e-01	0.000000e+00	5.551115e-17	1.110223e-16	3.277824e-01	-7.154049e-01	-1.193963e+00
3.130000e+00	-1.284207e+00	-2.617125e-01	-9.475466e-01	0.000000e+00	0.000000e+00	0.000000e+00	3.223790e-01	-7.304098e-01	-1.244976e+00
3.140000e+00	-1.303163e+00	-2.731548e-01	-9.604033e-01	0.000000e+00	0.000000e+00	2.220446e-16	3.138282e-01	-7.429388e-01	-1.297636e+00
3.150000e+00	-1.321858e+00	-2.846314e-01	-9.730551e-01	-2.220446e-16	1.110223e-16	1.110223e-16	3.021487e-01	-7.530104e-01	-1.351671e+00
3.160000e+00	-1.340274e+00	-2.961298e-01	-9.854892e-01	0.000000e+00	2.775558e-17	2.220446e-16	2.873614e-01	-7.606450e-01	-1.406748e+00
3.170000e+00	-1.358391e+00	-3.076374e-01	-9.976925e-01	1.110223e-16	5.551115e-17	1.110223e-16	2.694890e-01	-7.658640e-01	-1.462481e+00
3.180000e+00	-1.376190e+00	-3.191412e-01	-1.009652e+00	1.110223e-16	8.326673e-17	1.110223e-16	2.485552e-01	-7.686887e-01	-1.518431e+00
3.190000e+00	-1.393650e+00	-3.306283e-01	-1.021353e+00	0.000000e+00	5.551115e-17	0.000000e+00	2.245832e-01	-7.691395e-01	-1.574110e+00
3.200000e+00	-1.410752e+00	-3.420852e-01	-1.032783e+00	0.000000e+00	1.110223e-16	2.220446e-16	1.975958e-01	-7.672345e-01	-1.628993e+00
3.210000e+00	-1.427473e+00	-3.534984e-01	-1.043928e+00	0.000000e+00	5.551115e-17	2.220446e-16	1.676142e-01	-7.629892e-01	-1.682529e+00
3.220000e+00	-1.443794e+00	-3.648541e-01	-1.054774e+00	1.110223e-16	0.000000e+00	2.220446e-16	1.346577e-01	-7.564152e-01	-1.734157e+00
3.230000e+00	-1.459692e+00	-3.761383e-01	-1.065306e+00	0.000000e+00	0.000000e+00	1.110223e-16	9.874318e-02	-7.475198e-01	-1.783318e+00
3.240000e+00	-1.475147e+00	-3.873368e-01	-1.075509e+00	0.000000e+00	-1.110223e-16	3.330669e-16	5.988484e-02	-7.363055e-01	-1.829477e+00
3.250000e+00	-1.490135e+00	-3.984350e-01	-1.085370e+00	1.110223e-16	1.665335e-16	0.000000e+00	1.809449e-02	-7.227695e-01	-1.872137e+00
3.260000e+00	-1.504635e+00	-4.094182e-01	-1.094873e+00	0.000000e+00	5.551115e-17	-1.110223e-16	-2.661839e-02	-7.069035e-01	-1.910853e+00
3.270000e+00	-1.518624e+00	-4.202714e-01	-1.104002e+00	1.110223e-16	1.110223e-16	2.220446e-16	-7.424593e-02	-6.886937e-01	-1.945246e+00
3.280000e+00	-1.532079e+00	-4.309794e-01	-1.112743e+00	1.110223e-16	5.551115e-17	2.220446e-16	-1.247809e-01	-6.681215e-01	-1.975011e+00
3.290000e+00	-1.544975e+00	-4.415267e-01	-1.121078e+00	1.110223e-16	1.110223e-16	0.000000e+00	-1.782154e-01	-6.451635e-01	-1.999922e+00
3.300000e+00	-1.557290e+00	-4.518975e-01	-1.128993e+00	-1.110223e-16	-5.551115e-17	0.000000e+00	-2.345389e-01	-6.197930e-01	-2.019834e+00
3.310000e+00	-1.568997e+00	-4.620757e-01	-1.136470e+00	1.110223e-16	5.551115e-17	1.110223e-16	-2.937359e-01	-5.919809e-01	-2.034677e+00
3.320000e+00	-1.580073e+00	-4.720452e-01	-1.143493e+00	1.110223e-16	-5.551115e-17	2.220446e-16	-3.557837e-01	-5.616977e-01	-2.044454e+00
3.330000e+00	-1.590492e+00	-4.817891e-01	-1.150045e+00	-1.110223e-16	1.110223e-16	1.110223e-16	-4.206484e-01	-5.289152e-01	-2.049230e+00
3.340000e+00	-1.600227e+00	-4.912907e-01	-1.156108e+00	0.000000e+00	1.110223e-16	1.110223e-16	-4.882820e-01	-4.936094e-01	-2.049125e+00
3.350000e+00	-1.609253e+00	-5.005327e-01	-1.161665e+00	2.220446e-16	1.110223e-16	1.110223e-16	-5.586183e-01	-4.557626e-01	-2.044299e+00
3.360000e+00	-1.617542e+00	-5.094976e-01	-1.166697e+00	0.000000e+00	5.551115e-17	2.220446e-16	-6.315687e-01	-4.153671e-01	-2.034945e+00
3.370000e+00	-1.625067e+00	-5.181676e-01	-1.171185e+00	-1.110223e-16	5.551115e-17	4.440892e-16	-7.070186e-01	-3.724279e-01	-2.021277e+00
3.380000e+00	-1.631799e+00	-5.265244e-01	-1.175111e+00	1.110223e-16	-1.110223e-16	2.220446e-16	-7.848236e-01	-3.269660e-01	-2.003522e+00
3.390000e+00	-1.637709e+00	-5.345496e-01	-1.178456e+00	-1.110223e-16	5.551115e-17	1.110223e-16	-8.648060e-01	-2.790215e-01	-1.981915e+00
3.400000e+00	-1.642769e+00	-5.422244e-01	-1.181199e+00	0.000000e+00	-5.551115e-17	3.330669e-16	-9.467526e-01	-2.286564e-01	-1.956691e+00
3.410000e+00	-1.646947e+00	-5.495296e-01	-1.183321e+00	1.110223e-16	-5.551115e-17	1.110223e-16	-1.030413e+00	-1.759567e-01	-1.928084e+00
3.420000e+00	-1.650214e+00	-5.564456e-01	-1.184800e+00	0.000000e+00	-5.551115e-17	1.110223e-16	-1.115501e+00	-1.210343e-01	-1.896329e+00
3.430000e+00	-1.652538e+00	-5.629526e-01	-1.185616e+00	0.000000e+00	1.110223e-16	2.220446e-16	-1.201691e+00	-6.402744e-02	-1.861660e+00
3.440000e+00	-1.653888e+00	-5.690303e-01	-1.185747e+00	0.000000e+00	5.551115e-17	0.000000e+00	-1.288628e+00	-5.101073e-03	-1.824312e+00
3.450000e+00	-1.654229e+00	-5.746583e-01	-1.185171e+00	1.110223e-16	5.551115e-17	2.220446e-16	-1.375925e+00	5.555462e-02	-1.784530e+00
3.460000e+00	-1.653530e+00	-5.798155e-01	-1.183865e+00	0.000000e+00	0.000000e+00	2.220446e-16	-1.463172e+00	1.177260e-01	-1.742571e+00
3.470000e+00	-1.651756e+00	-5.844809e-01	-1.181807e+00	0.000000e+00	5.551115e-17	2.220446e-16	-1.549940e+00	1.811787e-01	-1.698708e+00
3.480000e+00	-1.648873e+00	-5.886327e-01	-1.178974e+00	1.110223e-16	2.775558e-17	2.220446e-16	-1.635790e+00	2.456614e-01	-1.653237e+00
3.490000e+00	-1.644846e+00	-5.922493e-01	-1.175342e+00	0.000000e+00	5.551115e-17	1.110223e-16	-1.720279e+00	3.109092e-01	-1.606481e+00
3.500000e+00	-1.639640e+00	-5.953084e-01	-1.170886e+00	-1.110223e-16	0.000000e+00	2.220446e-16	-1.802966e+00	3.766484e-01	-1.558790e+00
3.510000e+00	-1.633217e+00	-5.977878e-01	-1.165583e+00	1.110223e-16	5.551115e-17	0.000000e+00	-1.883422e+00	4.426000e-01	-1.510542e+00
3.520000e+00	-1.625542e+00	-5.996648e-01	-1.159407e+00	0.000000e+00	0.000000e+00	-1.110223e-16	-1.961232e+00	5.084841e-01	-1.462142e+00
3.530000e+00	-1.616579e+00	-6.009167e-01	-1.152334e+00	0.000000e+00	5.551115e-17	2.220446e-16	-2.036002e+00	5.740230e-01	-1.414014e+00
3.540000e+00	-1.606289e+00	-6.015207e-01	-1.144340e+00	0.000000e+00	2.775558e-17	3.330669e-16	-2.107359e+00	6.389446e-01	-1.366594e+00
3.550000e+00	-1.594635e+00	-6.014539e-01	-1.135397e+00	1.110223e-16	2.775558e-17	2.220446e-16	-2.174961e+00	7.029844e-01	-1.320317e+00
3.560000e+00	-1.581581e+00	-6.006933e-01	-1.125482e+00	1.110223e-16	0.000000e+00	2.220446e-16	-2.238491e+00	7.658875e-01	-1.275605e+00
3.570000e+00	-1.567090e+00	-5.992162e-01	-1.114570e+00	2.220446e-16	1.387779e-17	1.110223e-16	-2.297661e+00	8.274101e-01	-1.232845e+00
3.580000e+00	-1.551124e+00	-5.969999e-01	-1.102635e+00	0.000000e+00	1.387779e-17	0.000000e+00	-2.352213e+00	8.873198e-01	-1.192376e+00
3.590000e+00	-1.533646e+00	-5.940222e-01	-1.089652e+00	-1.110223e-16	2.775558e-17	1.110223e-16	-2.401913e+00	9.453967e-01	-1.154471e+00
3.600000e+00	-1.514623e+00	-5.902610e-01	-1.075598e+00	0.000000e+00	-1.387779e-17	1.110223e-16	-2.446559e+00	1.001433e+00	-1.119318e+00
3.610000e+00	-1.494018e+00	-5.856951e-01	-1.060450e+00	0.000000e+00	1.387779e-17	2.220446e-16	-2.485969e+00	1.055233e+00	-1.087012e+00
3.620000e+00	-1.471798e+00	-5.803038e-01	-1.044184e+00	-1.110223e-16	4.163336e-17	2.220446e-16	-2.519990e+00	1.106613e+00	-1.057541e+00
3.630000e+00	-1.447932e+00	-5.740671e-01	-1.026779e+00	0.000000e+00	-1.387779e-17	1.110223e-16	-2.548489e+00	1.155401e+00	-1.030790e+00
3.640000e+00	-1.422388e+00	-5.669665e-01	-1.008214e+00	0.000000e+00	0.000000e+00	2.220446e-16	-2.571355e+00	1.201438e+00	-1.006539e+00
3.650000e+00	-1.395140e+00	-5.589842e-01	-9.884709e-01	1.110223e-16	-1.387779e-17	0.000000e+00	-2.588499e+00	1.244574e+00	-9.844765e-01
3.660000e+00	-1.366161e+00	-5.501041e-01	-9.675324e-01	-1.110223e-16	-1.387779e-17	1.110223e-16	-2.599852e+00	1.284672e+00	-9.642135e-01
3.670000e+00	-1.335430e+00	-5.403118e-01	-9.453832e-01	0.000000e+00	0.000000e+00	2.220446e-16	-2.605363e+00	1.321607e+00	-9.453024e-01
3.680000e+00	-1.302927e+00	-5.295946e-01	-9.220107e-01	0.000000e+00	1.387779e-17	2.220446e-16	-2.605003e+00	1.355265e+00	-9.272594e-01
3.690000e+00	-1.268636e+00	-5.179423e-01	-8.974047e-01	0.000000e+00	0.000000e+00	1.110223e-16	-2.598761e+00	1.385542e+00	-9.095865e-01
3.700000e+00	-1.232548e+00	-5.053467e-01	-8.715581e-01	0.000000e+00	-1.387779e-17	2.220446e-16	-2.586643e+00	1.412348e+00	-8.917927e-01
3.710000e+00	-1.194656e+00	-4.918025e-01	-8.444671e-01	1.110223e-16	0.000000e+00	5.551115e-17	-2.568678e+00	1.435605e+00	-8.734124e-01
3.720000e+00	-1.154959e+00	-4.773073e-01	-8.161316e-01	1.110223e-16	0.000000e+00	2.775558e-16	-2.544910e+00	1.455247e+00	-8.540207e-01
3.730000e+00	-1.113463e+00	-4.618621e-01	-7.865553e-01	0.000000e+00	-2.775558e-17	0.000000e+00	-2.515404e+00	1.471220e+00	-8.332437e-01
3.740000e+00	-1.070179e+00	-4.454711e-01	-7.557465e-01	0.000000e+00	0.000000e+00	-5.551115e-17	-2.480245e+00	1.483483e+00	-8.107653e-01
3.750000e+00	-1.025126e+00	-4.281424e-01	-7.237180e-01	5.551115e-17	0.000000e+00	0.000000e+00	-2.439536e+00	1.492008e+00	-7.863302e-01
3.760000e+00	-9.783287e-01	-4.098882e-01	-6.904877e-01	-5.551115e-17	0.000000e+00	-1.110223e-16	-2.393397e+00	1.496781e+00	-7.597431e-01
3.770000e+00	-9.298207e-01	-3.907248e-01	-6.560787e-01	0.000000e+00	1.387779e-17	0.000000e+00	-2.341967e+00	1.497798e+00	-7.308661e-01
3.780000e+00	-8.796433e-01	-3.706731e-01	-6.205197e-01	-1.110223e-16	2.775558e-17	5.551115e-17	-2.285405e+00	1.495070e+00	-6.996137e-01
3.790000e+00	-8.278463e-01	-3.497584e-01	-5.838450e-01	5.551115e-17	0.000000e+00	5.551115e-17	-2.223883e+00	1.488618e+00	-6.659474e-01
3.800000e+00	-7.744879e-01	-3.280110e-01	-5.460950e-01	1.110223e-16	1.387779e-17	5.551115e-17	-2.157591e+00	1.478475e+00	-6.298693e-01
3.810000e+00	-7.196353e-01	-3.054657e-01	-5.073160e-01	1.110223e-16	1.387779e-17	1.665335e-16	-2.086733e+00	1.464686e+00	-5.914159e-01
3.820000e+00	-6.633643e-01	-2.821625e-01	-4.675603e-01	0.000000e+00	0.000000e+00	1.665335e-16	-2.011526e+00	1.447305e+00	-5.506521e-01
3.830000e+00	-6.057595e-01	-2.581460e-01	-4.268862e-01	0.000000e+00	1.387779e-17	1.110223e-16	-1.932199e+00	1.426397e+00	-5.076662e-01
3.840000e+00	-5.469142e-01	-2.334655e-01	-3.853581e-01	0.000000e+00	0.000000e+00	5.551115e-17	-1.848989e+00	1.402032e+00	-4.625645e-01
3.850000e+00	-4.869300e-01	-2.081751e-01	-3.430459e-01	-8.326673e-17	1.387779e-17	5.551115e-17	-1.762144e+00	1.374291e+00	-4.154674e-01
3.860000e+00	-4.259162e-01	-1.823330e-01	-3.000251e-01	2.775558e-17	0.000000e+00	5.551115e-17	-1.671917e+00	1.343260e+00	-3.665058e-01
3.870000e+00	-3.639898e-01	-1.560017e-01	-2.563761e-01	2.775558e-17	6.938894e-18	5.551115e-17	-1.578562e+00	1.309031e+00	-3.158181e-01
3.880000e+00	-3.012743e-01	-1.292471e-01	-2.121839e-01	0.000000e+00	6.938894e-18	4.163336e-17	-1.482339e+00	1.271699e+00	-2.635476e-01
3.890000e+00	-2.378992e-01	-1.021386e-01	-1.675377e-01	1.387779e-17	0.000000e+00	2.775558e-17	-1.383505e+00	1.231365e+00	-2.098407e-01
3.900000e+00	-1.739990e-01	-7.474833e-02	-1.225301e-01	0.000000e+00	0.000000e+00	4.163336e-17	-1.282316e+00	1.188129e+00	-1.548448e-01
3.910000e+00	-1.097124e-01	-4.715067e-02	-7.725663e-02	-6.938894e-18	-3.469447e-18	1.387779e-17	-1.179022e+00	1.142097e+00	-9.870791e-02
3.920000e+00	-4.518119e-02	-1.942166e-02	-3.181477e-02	-3.469447e-18	-6.938894e-18	3.469447e-18	-1.073867e+00	1.093373e+00	-4.157674e-02
3.930000e+00	1.945104e-02	8.361565e-03	1.369659e-02	1.734723e-18	-1.734723e-18	-1.734723e-18	-9.670885e-01	1.042064e+00	1.640327e-02
3.940000e+00	8.403977e-02	3.612144e-02	5.917802e-02	-6.938894e-18	0.000000e+00	-3.469447e-18	-8.589129e-01	9.882740e-01	7.508857e-02
3.950000e+00	1.484409e-01	6.378058e-02	1.045303e-01	0.000000e+00	0.000000e+00	6.938894e-18	-7.495561e-01	9.321104e-01	1.343376e-01
3.960000e+00	2.125117e-01	9.126244e-02	1.496553e-01	0.000000e+00	-1.734723e-18	-1.387779e-17	-6.392221e-01	8.736787e-01	1.940109e-01
3.970000e+00	2.761123e-01	1.184919e-01	1.944567e-01	-2.775558e-17	-3.469447e-18	-2.775558e-17	-5.281024e-01	8.130847e-01	2.539705e-01
3.980000e+00	3.391063e-01	1.453959e-01	2.388405e-01	0.000000e+00	6.938894e-18	-1.387779e-17	-4.163754e-01	7.504346e-01	3.140799e-01
3.990000e+00	4.013620e-01	1.719039e-01	2.827163e-01	-2.775558e-17	0.000000e+00	-8.326673e-17	-3.042066e-01	6.858351e-01	3.742035e-01
4.000000e+00	4.627535e-01	1.979484e-01	3.259972e-01	2.775558e-17	-6.938894e-18	-8.326673e-17	-1.917486e-01	6.193944e-01	4.342060e-01
4.010000e+00	5.231612e-01	2.234657e-01	3.686008e-01	-5.551115e-17	0.000000e+00	-5.551115e-17	-7.914178e-02	5.512226e-01	4.939523e-01
4.020000e+00	5.824726e-01	2.483958e-01	4.104498e-01	5.551115e-17	-1.387779e-17	0.000000e+00	3.348476e-02	4.814323e-01	5.533066e-01
4.030000e+00	6.405829e-01	2.726828e-01	4.514719e-01	5.551115e-17	0.000000e+00	-1.110223e-16	1.460122e-01	4.101402e-01	6.121329e-01
4.040000e+00	6.973956e-01	2.962757e-01	4.916006e-01	5.551115e-17	-2.775558e-17	-1.110223e-16	2.583304e-01	3.374671e-01	6.702944e-01
4.050000e+00	7.528226e-01	3.191278e-01	5.307751e-01	5.551115e-17	-1.387779e-17	-5.551115e-17	3.703366e-01	2.635397e-01	7.276543e-01
4.060000e+00	8.067844e-01	3.411973e-01	5.689408e-01	5.551115e-17	1.387779e-17	-1.110223e-16	4.819330e-01	1.884908e-01	7.840760e-01
4.070000e+00	8.592106e-01	3.624475e-01	6.060488e-01	5.551115e-17	0.000000e+00	-1.665335e-16	5.930257e-01	1.124607e-01	8.394241e-01
4.080000e+00	9.100393e-01	3.828461e-01	6.420564e-01	0.000000e+00	0.000000e+00	-1.110223e-16	7.035220e-01	3.559800e-02	8.935657e-01
4.090000e+00	9.592174e-01	4.023659e-01	6.769271e-01	-1.110223e-16	-2.775558e-17	-5.551115e-17	8.133287e-01	-4.194009e-02	9.463714e-01
4.100000e+00	1.006700e+00	4.209843e-01	7.106297e-01	0.000000e+00	0.000000e+00	-1.110223e-16	9.223501e-01	-1.199868e-01	9.977166e-01
4.110000e+00	1.052452e+00	4.386832e-01	7.431392e-01	-1.110223e-16	-5.551115e-17	0.000000e+00	1.030486e+00	-1.983657e-01	1.047483e+00
4.120000e+00	1.096443e+00	4.554487e-01	7.744354e-01	0.000000e+00	0.000000e+00	-5.551115e-17	1.137631e+00	-2.768901e-01	1.095561e+00
4.130000e+00	1.138652e+00	4.712713e-01	8.045037e-01	-1.110223e-16	-5.551115e-17	-5.551115e-17	1.243671e+00	-3.553634e-01	1.141849e+00
4.140000e+00	1.179066e+00	4.861450e-01	8.333339e-01	-1.110223e-16	-8.326673e-17	-1.110223e-16	1.348484e+00	-4.335793e-01	1.186256e+00
4.150000e+00	1.217677e+00	5.000677e-01	8.609207e-01	0.000000e+00	2.775558e-17	-1.665335e-16	1.451936e+00	-5.113221e-01	1.228700e+00
4.160000e+00	1.254483e+00	5.130405e-01	8.872625e-01	-1.110223e-16	0.000000e+00	-1.665335e-16	1.553885e+00	-5.883674e-01	1.269111e+00
4.170000e+00	1.289488e+00	5.250677e-01	9.123617e-01	-1.110223e-16	2.775558e-17	-5.551115e-17	1.654176e+00	-6.644834e-01	1.307430e+00
4.180000e+00	1.322702e+00	5.361560e-01	9.362243e-01	1.110223e-16	-2.775558e-17	-1.110223e-16	1.752644e+00	-7.394316e-01	1.343608e+00
4.190000e+00	1.354136e+00	5.463152e-01	9.588592e-01	0.000000e+00	-5.551115e-17	-1.110223e-16	1.849112e+00	-8.129682e-01	1.377605e+00
4.200000e+00	1.383811e+00	5.555568e-01	9.802781e-01	1.110223e-16	0.000000e+00	0.000000e+00	1.943393e+00	-8.848463e-01	1.409390e+00
4.210000e+00	1.411745e+00	5.638948e-01	1.000495e+00	0.000000e+00	2.775558e-17	-2.220446e-16	2.035290e+00	-9.548169e-01	1.438940e+00
4.220000e+00	1.437964e+00	5.713445e-01	1.019527e+00	1.110223e-16	0.000000e+00	0.000000e+00	2.124599e+00	-1.022631e+00	1.466236e+00
4.230000e+00	1.462495e+00	5.779229e-01	1.037391e+00	0.000000e+00	-5.551115e-17	-1.110223e-16	2.211106e+00	-1.088042e+00	1.491265e+00
4.240000e+00	1.485366e+00	5.836485e-01	1.054108e+00	1.110223e-16	-2.775558e-17	-2.220446e-16	2.294595e+00	-1.150808e+00	1.514014e+00
4.250000e+00	1.506610e+00	5.885406e-01	1.069699e+00	0.000000e+00	0.000000e+00	-1.110223e-16	2.374844e+00	-1.210692e+00	1.534476e+00
4.260000e+00	1.526259e+00	5.926197e-01	1.084186e+00	0.000000e+00	-8.326673e-17	-2.220446e-16	2.451631e+00	-1.267466e+00	1.552638e+00
4.270000e+00	1.544348e+00	5.959067e-01	1.097592e+00	0.000000e+00	2.775558e-17	-2.220446e-16	2.524733e+00	-1.320914e+00	1.568488e+00
4.280000e+00	1.560911e+00	5.984236e-01	1.109942e+00	0.000000e+00	-5.551115e-17	-2.220446e-16	2.593931e+00	-1.370830e+00	1.582011e+00
4.290000e+00	1.575986e+00	6.001923e-01	1.121258e+00	-1.110223e-16	-5.551115e-17	0.000000e+00	2.659011e+00	-1.417025e+00	1.593186e+00
4.300000e+00	1.589608e+00	6.012354e-01	1.131567e+00	-1.110223e-16	-2.775558e-17	-1.110223e-16	2.719765e+00	-1.459324e+00	1.601990e+00
4.310000e+00	1.601814e+00	6.015758e-01	1.140894e+00	0.000000e+00	5.551115e-17	-1.110223e-16	2.775995e+00	-1.497572e+00	1.608392e+00
4.320000e+00	1.612643e+00	6.012361e-01	1.149263e+00	0.000000e+00	-2.775558e-17	-3.330669e-16	2.827515e+00	-1.531633e+00	1.612360e+00
4.330000e+00	1.622130e+00	6.002394e-01	1.156700e+00	0.000000e+00	-2.775558e-17	-1.110223e-16	2.874151e+00	-1.561390e+00	1.613855e+00
4.340000e+00	1.630314e+00	5.986086e-01	1.163230e+00	-1.110223e-16	0.000000e+00	-2.220446e-16	2.915745e+00	-1.586750e+00	1.612839e+00
4.350000e+00	1.637230e+00	5.963663e-01	1.168877e+00	0.000000e+00	2.775558e-17	-2.220446e-16	2.952155e+00	-1.607640e+00	1.609276e+00
4.360000e+00	1.642917e+00	5.935353e-01	1.173667e+00	-1.110223e-16	-5.551115e-17	-2.220446e-16	2.983257e+00	-1.624012e+00	1.603134e+00
4.370000e+00	1.647409e+00	5.901381e-01	1.177625e+00	1.110223e-16	-2.775558e-17	-2.220446e-16	3.008946e+00	-1.635840e+00	1.594392e+00
4.380000e+00	1.650743e+00	5.861967e-01	1.180774e+00	-2.220446e-16	-2.775558e-17	-2.220446e-16	3.029138e+00	-1.643122e+00	1.583049e+00
4.390000e+00	1.652955e+00	5.817332e-01	1.183137e+00	1.110223e-16	0.000000e+00	0.000000e+00	3.043767e+00	-1.645879e+00	1.569128e+00
4.400000e+00	1.654077e+00	5.767693e-01	1.184740e+00	0.000000e+00	0.000000e+00	-1.110223e-16	3.052791e+00	-1.644154e+00	1.552690e+00
4.410000e+00	1.654146e+00	5.713262e-01	1.185603e+00	0.000000e+00	0.000000e+00	-1.110223e-16	3.056186e+00	-1.638012e+00	1.533841e+00
4.420000e+00	1.653194e+00	5.654251e-01	1.185751e+00	1.110223e-16	0.000000e+00	-2.220446e-16	3.053952e+00	-1.627540e+00	1.512741e+00
4.430000e+00	1.651254e+00	5.590866e-01	1.185206e+00	0.000000e+00	0.000000e+00	-2.220446e-16	3.046107e+00	-1.612846e+00	1.489617e+00
4.440000e+00	1.648359e+00	5.523310e-01	1.183988e+00	0.000000e+00	2.775558e-17	-1.110223e-16	3.032691e+00	-1.594053e+00	1.464769e+00
4.450000e+00	1.644540e+00	5.451784e-01	1.182120e+00	0.000000e+00	5.551115e-17	1.110223e-16	3.013761e+00	-1.571307e+00	1.438573e+00
4.460000e+00	1.639827e+00	5.376485e-01	1.179622e+00	-1.110223e-16	2.775558e-17	-2.220446e-16	2.989395e+00	-1.544765e+00	1.411482e+00
4.470000e+00	1.634252e+00	5.297605e-01	1.176514e+00	-1.110223e-16	-5.551115e-17	-3.330669e-16	2.959687e+00	-1.514603e+00	1.384015e+00
4.480000e+00	1.627844e+00	5.215335e-01	1.172817e+00	0.000000e+00	2.775558e-17	-2.220446e-16	2.924748e+00	-1.481008e+00	1.356752e+00
4.490000e+00	1.620631e+00	5.129860e-01	1.168550e+00	1.110223e-16	0.000000e+00	-3.330669e-16	2.884704e+00	-1.444178e+00	1.330305e+00
4.500000e+00	1.612643e+00	5.041364e-01	1.163732e+00	0.000000e+00	-4.163336e-17	-3.330669e-16	2.839695e+00	-1.404323e+00	1.305297e+00
4.510000e+00	1.603908e+00	4.950026e-01	1.158382e+00	-1.110223e-16	1.387779e-17	-2.220446e-16	2.789875e+00	-1.361661e+00	1.282334e+00
4.520000e+00	1.594452e+00	4.856023e-01	1.152519e+00	-1.110223e-16	-2.775558e-17	-2.220446e-16	2.735409e+00	-1.316418e+00	1.261969e+00
4.530000e+00	1.584302e+00	4.759528e-01	1.146159e+00	0.000000e+00	0.000000e+00	-1.110223e-16	2.676475e+00	-1.268823e+00	1.244676e+00
4.540000e+00	1.573484e+00	4.660712e-01	1.139322e+00	1.110223e-16	-1.387779e-17	-2.220446e-16	2.613260e+00	-1.219114e+00	1.230824e+00
4.550000e+00	1.562025e+00	4.559741e-01	1.132023e+00	-1.110223e-16	-1.387779e-17	-2.220446e-16	2.545963e+00	-1.167529e+00	1.220659e+00
4.560000e+00	1.549950e+00	4.456780e-01	1.124281e+00	0.000000e+00	-2.775558e-17	-1.110223e-16	2.474790e+00	-1.114311e+00	1.214291e+00
4.570000e+00	1.537282e+00	4.351991e-01	1.116111e+00	0.000000e+00	0.000000e+00	-2.220446e-16	2.399961e+00	-1.059703e+00	1.211700e+00
4.580000e+00	1.524047e+00	4.245532e-01	1.107530e+00	0.000000e+00	-1.387779e-17	-2.220446e-16	2.321702e+00	-1.003948e+00	1.212735e+00
4.590000e+00	1.510268e+00	4.137559e-01	1.098553e+00	1.110223e-16	-2.775558e-17	-1.110223e-16	2.240253e+00	-9.472918e-01	1.217139e+00
4.600000e+00	1.495968e+00	4.028227e-01	1.089198e+00	0.000000e+00	0.000000e+00	-2.220446e-16	2.155864e+00	-8.899768e-01	1.224561e+00
4.610000e+00	1.481172e+00	3.917685e-01	1.079478e+00	0.000000e+00	-1.387779e-17	-2.220446e-16	2.068797e+00	-8.322442e-01	1.234586e+00
4.620000e+00	1.465900e+00	3.806082e-01	1.069409e+00	-2.220446e-16	-2.775558e-17	-2.220446e-16	1.979326e+00	-7.743324e-01	1.246756e+00
4.630000e+00	1.450176e+00	3.693564e-01	1.059006e+00	-1.110223e-16	-2.775558e-17	-1.110223e-16	1.887738e+00	-7.164758e-01	1.260595e+00
4.640000e+00	1.434020e+00	3.580275e-01	1.048283e+00	-1.110223e-16	0.000000e+00	-3.330669e-16	1.794335e+00	-6.589034e-01	1.275628e+00
4.650000e+00	1.417456e+00	3.466355e-01	1.037256e+00	1.110223e-16	0.000000e+00	-3.330669e-16	1.699430e+00	-6.018374e-01	1.291400e+00
4.660000e+00	1.400504e+00	3.351944e-01	1.025937e+00	0.000000e+00	-2.775558e-17	0.000000e+00	1.603348e+00	-5.454911e-01	1.307492e+00
4.670000e+00	1.383184e+00	3.237177e-01	1.014342e+00	0.000000e+00	-2.775558e-17	-1.110223e-16	1.506426e+00	-4.900669e-01	1.323524e+00
4.680000e+00	1.365518e+00	3.122190e-01	1.002484e+00	0.000000e+00	-2.775558e-17	-1.110223e-16	1.409007e+00	-4.357544e-01	1.339165e+00
4.690000e+00	1.347525e+00	3.007113e-01	9.903765e-01	0.000000e+00	2.775558e-17	-2.220446e-16	1.311439e+00	-3.827274e-01	1.354134e+00
4.700000e+00	1.329225e+00	2.892077e-01	9.780328e-01	0.000000e+00	-5.551115e-17	-1.110223e-16	1.214072e+00	-3.311421e-01	1.368194e+00
4.710000e+00	1.310639e+00	2.777210e-01	9.654660e-01	0.000000e+00	0.000000e+00	-3.330669e-16	1.117249e+00	-2.811346e-01	1.381154e+00
4.720000e+00	1.291785e+00	2.662635e-01	9.526894e-01	0.000000e+00	-2.775558e-17	-2.220446e-16	1.021304e+00	-2.328192e-01	1.392857e+00
4.730000e+00	1.272682e+00	2.548477e-01	9.397156e-01	1.110223e-16	-2.775558e-17	-3.330669e-16	9.265554e-01	-1.862867e-01	1.403175e+00
4.740000e+00	1.253350e+00	2.434856e-01	9.265572e-01	1.110223e-16	-5.551115e-17	-3.330669e-16	8.333023e-01	-1.416041e-01	1.411998e+00
4.750000e+00	1.233806e+00	2.321889e-01	9.132268e-01	1.110223e-16	-5.551115e-17	-1.110223e-16	7.418172e-01	-9.881407e-02	1.419228e+00
4.760000e+00	1.214069e+00	2.209694e-01	8.997365e-01	0.000000e+00	-2.775558e-17	0.000000e+00	6.523442e-01	-5.793598e-02	1.424770e+00
4.770000e+00	1.194157e+00	2.098384e-01	8.860985e-01	0.000000e+00	-2.775558e-17	-1.110223e-16	5.650959e-01	-1.896718e-02	1.428518e+00
4.780000e+00	1.174088e+00	1.988070e-01	8.723247e-01	-5.551115e-17	-2.775558e-17	-2.220446e-16	4.802517e-01	1.811479e-02	1.430359e+00
4.790000e+00	1.153878e+00	1.878861e-01	8.584268e-01	-1.110223e-16	-5.551115e-17	-1.110223e-16	3.979582e-01	5.334957e-02	1.430159e+00
4.800000e+00	1.133546e+00	1.770864e-01	8.444162e-01	0.000000e+00	-2.775558e-17	-2.220446e-16	3.183299e-01	8.679083e-02	1.427765e+00
4.810000e+00	1.113107e+00	1.664183e-01	8.303045e-01	5.551115e-17	0.000000e+00	-2.220446e-16	2.414517e-01	1.185030e-01	1.423000e+00
4.820000e+00	1.092578e+00	1.558918e-01	8.161028e-01	0.000000e+00	0.000000e+00	-1.110223e-16	1.673818e-01	1.485576e-01	1.415669e+00
4.830000e+00	1.071976e+00	1.455169e-01	8.018219e-01	5.551115e-17	2.775558e-17	-2.220446e-16	9.615565e-02	1.770306e-01	1.405562e+00
4.840000e+00	1.051317e+00	1.353032e-01	7.874729e-01	0.000000e+00	-5.551115e-17	-2.220446e-16	2.778965e-02	2.039983e-01	1.392458e+00
4.850000e+00	1.030615e+00	1.252600e-01	7.730661e-01	0.000000e+00	-5.551115e-17	-3.330669e-16	-3.771457e-02	2.295354e-01	1.376134e+00
4.860000e+00	1.009887e+00	1.153964e-01	7.586121e-01	5.551115e-17	-5.551115e-17	0.000000e+00	-1.003662e-01	2.537121e-01	1.356379e+00
4.870000e+00	9.891466e-01	1.057212e-01	7.441210e-01	5.551115e-17	0.000000e+00	0.000000e+00	-1.601814e-01	2.765924e-01	1.333004e+00
4.880000e+00	9.684094e-01	9.624283e-02	7.296029e-01	-5.551115e-17	2.775558e-17	-3.330669e-16	-2.171802e-01	2.982320e-01	1.305856e+00
4.890000e+00	9.476895e-01	8.696954e-02	7.150673e-01	-5.551115e-17	-2.775558e-17	-1.110223e-16	-2.713835e-01	3.186778e-01	1.274832e+00
4.900000e+00	9.270007e-01	7.790919e-02	7.005240e-01	-5.551115e-17	-5.551115e-17	-1.110223e-16	-3.228103e-01	3.379664e-01	1.239893e+00
4.910000e+00	9.063566e-01	6.906935e-02	6.859821e-01	0.000000e+00	2.775558e-17	-2.220446e-16	-3.714767e-01	3.561240e-01	1.201076e+00
4.920000e+00	8.857704e-01	6.045730e-02	6.714509e-01	0.000000e+00	0.000000e+00	0.000000e+00	-4.173938e-01	3.731663e-01	1.158503e+00
4.930000e+00	8.652550e-01	5.207994e-02	6.569390e-01	0.000000e+00	2.775558e-17	-1.110223e-16	-4.605667e-01	3.890981e-01	1.112389e+00
4.940000e+00	8.448229e-01	4.394390e-02	6.424551e-01	0.000000e+00	-2.775558e-17	-1.110223e-16	-5.009946e-01	4.039143e-01	1.063038e+00
4.950000e+00	8.244860e-01	3.605541e-02	6.280075e-01	0.000000e+00	5.551115e-17	0.000000e+00	-5.386701e-01	4.175996e-01	1.010844e+00
4.960000e+00	8.042561e-01	2.842040e-02	6.136043e-01	0.000000e+00	-2.775558e-17	-5.551115e-17	-5.735793e-01	4.301300e-01	9.562804e-01
4.970000e+00	7.841442e-01	2.104442e-02	5.992532e-01	5.551115e-17	0.000000e+00	-2.220446e-16	-6.057025e-01	4.414729e-01	8.998863e-01
4.980000e+00	7.641613e-01	1.393267e-02	5.849618e-01	0.000000e+00	-1.387779e-17	-2.775558e-16	-6.350146e-01	4.515884e-01	8.422481e-01
4.990000e+00	7.443177e-01	7.089976e-03	5.707373e-01	-5.551115e-17	-1.387779e-17	-5.551115e-17	-6.614857e-01	4.604301e-01	7.839790e-01
5.000000e+00	7.246232e-01	5.207931e-04	5.565866e-01	0.000000e+00	1.387779e-17	5.551115e-17	-6.850823e-01	4.679460e-01	7.256976e-01


